#gravity: 0.0 -9.81 0.0 
#Time: 0.0 
#nstep: 2000000 
#timestep: 1.0e-6 
#nprint: 1000 
#nenergy: 1000 
-0.01	0	 0.0 	0	0	 0.0 	0.005	1	10	 1.0e9 	 0.01 	 0.0 	 0.0 	 0.0 	 0.0 	 0.0	 0.0   	 0.0  	 0.0 	 0.0 	 0.0 	 0.0 	 0.0 	 0.0 	 0.0 
0.01	0	 0.0 	0	0	 0.0 	0.005	1	10	 1.0e9 	 0.01 	 0.0 	 0.0 	 0.0 	 0.0 	 0.0	 0.0   	 0.0  	 0.0 	 0.0 	 0.0 	 0.0 	 0.0 	 0.0 	 0.0 
-0.015	0.00866025	 0.0 	0	0	 0.0 	0.005	1	1	 1.0e9 	 0.01 	 0.0 	 0.0 	 0.0 	 0.0 	 0.0	 0.0   	 0.0  	 0.0 	 0.0 	 0.0 	 0.0 	 0.0 	 0.0 	 0.0 
0.015	0.00866025	 0.0 	0	0	 0.0 	0.005	1	1	 1.0e9 	 0.01 	 0.0 	 0.0 	 0.0 	 0.0 	 0.0	 0.0   	 0.0  	 0.0 	 0.0 	 0.0 	 0.0 	 0.0 	 0.0 	 0.0 
-0.02	0.0173205	 0.0 	0	0	 0.0 	0.005	1	1	 1.0e9 	 0.01 	 0.0 	 0.0 	 0.0 	 0.0 	 0.0	 0.0   	 0.0  	 0.0 	 0.0 	 0.0 	 0.0 	 0.0 	 0.0 	 0.0 
0.02	0.0173205	 0.0 	0	0	 0.0 	0.005	1	1	 1.0e9 	 0.01 	 0.0 	 0.0 	 0.0 	 0.0 	 0.0	 0.0   	 0.0  	 0.0 	 0.0 	 0.0 	 0.0 	 0.0 	 0.0 	 0.0 
-0.025	0.0259808	 0.0 	0	0	 0.0 	0.005	1	1	 1.0e9 	 0.01 	 0.0 	 0.0 	 0.0 	 0.0 	 0.0	 0.0   	 0.0  	 0.0 	 0.0 	 0.0 	 0.0 	 0.0 	 0.0 	 0.0 
0.025	0.0259808	 0.0 	0	0	 0.0 	0.005	1	1	 1.0e9 	 0.01 	 0.0 	 0.0 	 0.0 	 0.0 	 0.0	 0.0   	 0.0  	 0.0 	 0.0 	 0.0 	 0.0 	 0.0 	 0.0 	 0.0 
-0.03	0.034641	 0.0 	0	0	 0.0 	0.005	1	1	 1.0e9 	 0.01 	 0.0 	 0.0 	 0.0 	 0.0 	 0.0	 0.0   	 0.0  	 0.0 	 0.0 	 0.0 	 0.0 	 0.0 	 0.0 	 0.0 
0.03	0.034641	 0.0 	0	0	 0.0 	0.005	1	1	 1.0e9 	 0.01 	 0.0 	 0.0 	 0.0 	 0.0 	 0.0	 0.0   	 0.0  	 0.0 	 0.0 	 0.0 	 0.0 	 0.0 	 0.0 	 0.0 
-0.035	0.0433013	 0.0 	0	0	 0.0 	0.005	1	1	 1.0e9 	 0.01 	 0.0 	 0.0 	 0.0 	 0.0 	 0.0	 0.0   	 0.0  	 0.0 	 0.0 	 0.0 	 0.0 	 0.0 	 0.0 	 0.0 
0.035	0.0433013	 0.0 	0	0	 0.0 	0.005	1	1	 1.0e9 	 0.01 	 0.0 	 0.0 	 0.0 	 0.0 	 0.0	 0.0   	 0.0  	 0.0 	 0.0 	 0.0 	 0.0 	 0.0 	 0.0 	 0.0 
-0.04	0.0519615	 0.0 	0	0	 0.0 	0.005	1	1	 1.0e9 	 0.01 	 0.0 	 0.0 	 0.0 	 0.0 	 0.0	 0.0   	 0.0  	 0.0 	 0.0 	 0.0 	 0.0 	 0.0 	 0.0 	 0.0 
0.04	0.0519615	 0.0 	0	0	 0.0 	0.005	1	1	 1.0e9 	 0.01 	 0.0 	 0.0 	 0.0 	 0.0 	 0.0	 0.0   	 0.0  	 0.0 	 0.0 	 0.0 	 0.0 	 0.0 	 0.0 	 0.0 
-0.045	0.0606218	 0.0 	0	0	 0.0 	0.005	1	1	 1.0e9 	 0.01 	 0.0 	 0.0 	 0.0 	 0.0 	 0.0	 0.0   	 0.0  	 0.0 	 0.0 	 0.0 	 0.0 	 0.0 	 0.0 	 0.0 
0.045	0.0606218	 0.0 	0	0	 0.0 	0.005	1	1	 1.0e9 	 0.01 	 0.0 	 0.0 	 0.0 	 0.0 	 0.0	 0.0   	 0.0  	 0.0 	 0.0 	 0.0 	 0.0 	 0.0 	 0.0 	 0.0 
-0.05	0.069282	 0.0 	0	0	 0.0 	0.005	1	1	 1.0e9 	 0.01 	 0.0 	 0.0 	 0.0 	 0.0 	 0.0	 0.0   	 0.0  	 0.0 	 0.0 	 0.0 	 0.0 	 0.0 	 0.0 	 0.0 
0.05	0.069282	 0.0 	0	0	 0.0 	0.005	1	1	 1.0e9 	 0.01 	 0.0 	 0.0 	 0.0 	 0.0 	 0.0	 0.0   	 0.0  	 0.0 	 0.0 	 0.0 	 0.0 	 0.0 	 0.0 	 0.0 
-0.055	0.0779423	 0.0 	0	0	 0.0 	0.005	1	1	 1.0e9 	 0.01 	 0.0 	 0.0 	 0.0 	 0.0 	 0.0	 0.0   	 0.0  	 0.0 	 0.0 	 0.0 	 0.0 	 0.0 	 0.0 	 0.0 
0.055	0.0779423	 0.0 	0	0	 0.0 	0.005	1	1	 1.0e9 	 0.01 	 0.0 	 0.0 	 0.0 	 0.0 	 0.0	 0.0   	 0.0  	 0.0 	 0.0 	 0.0 	 0.0 	 0.0 	 0.0 	 0.0 
-0.06	0.0866025	 0.0 	0	0	 0.0 	0.005	1	1	 1.0e9 	 0.01 	 0.0 	 0.0 	 0.0 	 0.0 	 0.0	 0.0   	 0.0  	 0.0 	 0.0 	 0.0 	 0.0 	 0.0 	 0.0 	 0.0 
0.06	0.0866025	 0.0 	0	0	 0.0 	0.005	1	1	 1.0e9 	 0.01 	 0.0 	 0.0 	 0.0 	 0.0 	 0.0	 0.0   	 0.0  	 0.0 	 0.0 	 0.0 	 0.0 	 0.0 	 0.0 	 0.0 
-0.065	0.0952628	 0.0 	0	0	 0.0 	0.005	1	1	 1.0e9 	 0.01 	 0.0 	 0.0 	 0.0 	 0.0 	 0.0	 0.0   	 0.0  	 0.0 	 0.0 	 0.0 	 0.0 	 0.0 	 0.0 	 0.0 
0.065	0.0952628	 0.0 	0	0	 0.0 	0.005	1	1	 1.0e9 	 0.01 	 0.0 	 0.0 	 0.0 	 0.0 	 0.0	 0.0   	 0.0  	 0.0 	 0.0 	 0.0 	 0.0 	 0.0 	 0.0 	 0.0 
-0.07	0.103923	 0.0 	0	0	 0.0 	0.005	1	1	 1.0e9 	 0.01 	 0.0 	 0.0 	 0.0 	 0.0 	 0.0	 0.0   	 0.0  	 0.0 	 0.0 	 0.0 	 0.0 	 0.0 	 0.0 	 0.0 
0.07	0.103923	 0.0 	0	0	 0.0 	0.005	1	1	 1.0e9 	 0.01 	 0.0 	 0.0 	 0.0 	 0.0 	 0.0	 0.0   	 0.0  	 0.0 	 0.0 	 0.0 	 0.0 	 0.0 	 0.0 	 0.0 
-0.075	0.112583	 0.0 	0	0	 0.0 	0.005	1	1	 1.0e9 	 0.01 	 0.0 	 0.0 	 0.0 	 0.0 	 0.0	 0.0   	 0.0  	 0.0 	 0.0 	 0.0 	 0.0 	 0.0 	 0.0 	 0.0 
0.075	0.112583	 0.0 	0	0	 0.0 	0.005	1	1	 1.0e9 	 0.01 	 0.0 	 0.0 	 0.0 	 0.0 	 0.0	 0.0   	 0.0  	 0.0 	 0.0 	 0.0 	 0.0 	 0.0 	 0.0 	 0.0 
-0.08	0.121244	 0.0 	0	0	 0.0 	0.005	1	1	 1.0e9 	 0.01 	 0.0 	 0.0 	 0.0 	 0.0 	 0.0	 0.0   	 0.0  	 0.0 	 0.0 	 0.0 	 0.0 	 0.0 	 0.0 	 0.0 
0.08	0.121244	 0.0 	0	0	 0.0 	0.005	1	1	 1.0e9 	 0.01 	 0.0 	 0.0 	 0.0 	 0.0 	 0.0	 0.0   	 0.0  	 0.0 	 0.0 	 0.0 	 0.0 	 0.0 	 0.0 	 0.0 
-0.085	0.129904	 0.0 	0	0	 0.0 	0.005	1	1	 1.0e9 	 0.01 	 0.0 	 0.0 	 0.0 	 0.0 	 0.0	 0.0   	 0.0  	 0.0 	 0.0 	 0.0 	 0.0 	 0.0 	 0.0 	 0.0 
0.085	0.129904	 0.0 	0	0	 0.0 	0.005	1	1	 1.0e9 	 0.01 	 0.0 	 0.0 	 0.0 	 0.0 	 0.0	 0.0   	 0.0  	 0.0 	 0.0 	 0.0 	 0.0 	 0.0 	 0.0 	 0.0 
-0.09	0.138564	 0.0 	0	0	 0.0 	0.005	1	1	 1.0e9 	 0.01 	 0.0 	 0.0 	 0.0 	 0.0 	 0.0	 0.0   	 0.0  	 0.0 	 0.0 	 0.0 	 0.0 	 0.0 	 0.0 	 0.0 
0.09	0.138564	 0.0 	0	0	 0.0 	0.005	1	1	 1.0e9 	 0.01 	 0.0 	 0.0 	 0.0 	 0.0 	 0.0	 0.0   	 0.0  	 0.0 	 0.0 	 0.0 	 0.0 	 0.0 	 0.0 	 0.0 
-0.095	0.147224	 0.0 	0	0	 0.0 	0.005	1	1	 1.0e9 	 0.01 	 0.0 	 0.0 	 0.0 	 0.0 	 0.0	 0.0   	 0.0  	 0.0 	 0.0 	 0.0 	 0.0 	 0.0 	 0.0 	 0.0 
0.095	0.147224	 0.0 	0	0	 0.0 	0.005	1	1	 1.0e9 	 0.01 	 0.0 	 0.0 	 0.0 	 0.0 	 0.0	 0.0   	 0.0  	 0.0 	 0.0 	 0.0 	 0.0 	 0.0 	 0.0 	 0.0 
-0.1	0.155885	 0.0 	0	0	 0.0 	0.005	1	1	 1.0e9 	 0.01 	 0.0 	 0.0 	 0.0 	 0.0 	 0.0	 0.0   	 0.0  	 0.0 	 0.0 	 0.0 	 0.0 	 0.0 	 0.0 	 0.0 
0.1	0.155885	 0.0 	0	0	 0.0 	0.005	1	1	 1.0e9 	 0.01 	 0.0 	 0.0 	 0.0 	 0.0 	 0.0	 0.0   	 0.0  	 0.0 	 0.0 	 0.0 	 0.0 	 0.0 	 0.0 	 0.0 
-0.105	0.164545	 0.0 	0	0	 0.0 	0.005	1	1	 1.0e9 	 0.01 	 0.0 	 0.0 	 0.0 	 0.0 	 0.0	 0.0   	 0.0  	 0.0 	 0.0 	 0.0 	 0.0 	 0.0 	 0.0 	 0.0 
0.105	0.164545	 0.0 	0	0	 0.0 	0.005	1	1	 1.0e9 	 0.01 	 0.0 	 0.0 	 0.0 	 0.0 	 0.0	 0.0   	 0.0  	 0.0 	 0.0 	 0.0 	 0.0 	 0.0 	 0.0 	 0.0 
-0.11	0.173205	 0.0 	0	0	 0.0 	0.005	1	1	 1.0e9 	 0.01 	 0.0 	 0.0 	 0.0 	 0.0 	 0.0	 0.0   	 0.0  	 0.0 	 0.0 	 0.0 	 0.0 	 0.0 	 0.0 	 0.0 
0.11	0.173205	 0.0 	0	0	 0.0 	0.005	1	1	 1.0e9 	 0.01 	 0.0 	 0.0 	 0.0 	 0.0 	 0.0	 0.0   	 0.0  	 0.0 	 0.0 	 0.0 	 0.0 	 0.0 	 0.0 	 0.0 
-0.115	0.181865	 0.0 	0	0	 0.0 	0.005	1	1	 1.0e9 	 0.01 	 0.0 	 0.0 	 0.0 	 0.0 	 0.0	 0.0   	 0.0  	 0.0 	 0.0 	 0.0 	 0.0 	 0.0 	 0.0 	 0.0 
0.115	0.181865	 0.0 	0	0	 0.0 	0.005	1	1	 1.0e9 	 0.01 	 0.0 	 0.0 	 0.0 	 0.0 	 0.0	 0.0   	 0.0  	 0.0 	 0.0 	 0.0 	 0.0 	 0.0 	 0.0 	 0.0 
-0.12	0.190526	 0.0 	0	0	 0.0 	0.005	1	1	 1.0e9 	 0.01 	 0.0 	 0.0 	 0.0 	 0.0 	 0.0	 0.0   	 0.0  	 0.0 	 0.0 	 0.0 	 0.0 	 0.0 	 0.0 	 0.0 
0.12	0.190526	 0.0 	0	0	 0.0 	0.005	1	1	 1.0e9 	 0.01 	 0.0 	 0.0 	 0.0 	 0.0 	 0.0	 0.0   	 0.0  	 0.0 	 0.0 	 0.0 	 0.0 	 0.0 	 0.0 	 0.0 
-0.125	0.199186	 0.0 	0	0	 0.0 	0.005	1	1	 1.0e9 	 0.01 	 0.0 	 0.0 	 0.0 	 0.0 	 0.0	 0.0   	 0.0  	 0.0 	 0.0 	 0.0 	 0.0 	 0.0 	 0.0 	 0.0 
0.125	0.199186	 0.0 	0	0	 0.0 	0.005	1	1	 1.0e9 	 0.01 	 0.0 	 0.0 	 0.0 	 0.0 	 0.0	 0.0   	 0.0  	 0.0 	 0.0 	 0.0 	 0.0 	 0.0 	 0.0 	 0.0 
-0.13	0.207846	 0.0 	0	0	 0.0 	0.005	1	1	 1.0e9 	 0.01 	 0.0 	 0.0 	 0.0 	 0.0 	 0.0	 0.0   	 0.0  	 0.0 	 0.0 	 0.0 	 0.0 	 0.0 	 0.0 	 0.0 
0.13	0.207846	 0.0 	0	0	 0.0 	0.005	1	1	 1.0e9 	 0.01 	 0.0 	 0.0 	 0.0 	 0.0 	 0.0	 0.0   	 0.0  	 0.0 	 0.0 	 0.0 	 0.0 	 0.0 	 0.0 	 0.0 
-0.135	0.216506	 0.0 	0	0	 0.0 	0.005	1	1	 1.0e9 	 0.01 	 0.0 	 0.0 	 0.0 	 0.0 	 0.0	 0.0   	 0.0  	 0.0 	 0.0 	 0.0 	 0.0 	 0.0 	 0.0 	 0.0 
0.135	0.216506	 0.0 	0	0	 0.0 	0.005	1	1	 1.0e9 	 0.01 	 0.0 	 0.0 	 0.0 	 0.0 	 0.0	 0.0   	 0.0  	 0.0 	 0.0 	 0.0 	 0.0 	 0.0 	 0.0 	 0.0 
-0.14	0.225167	 0.0 	0	0	 0.0 	0.005	1	1	 1.0e9 	 0.01 	 0.0 	 0.0 	 0.0 	 0.0 	 0.0	 0.0   	 0.0  	 0.0 	 0.0 	 0.0 	 0.0 	 0.0 	 0.0 	 0.0 
0.14	0.225167	 0.0 	0	0	 0.0 	0.005	1	1	 1.0e9 	 0.01 	 0.0 	 0.0 	 0.0 	 0.0 	 0.0	 0.0   	 0.0  	 0.0 	 0.0 	 0.0 	 0.0 	 0.0 	 0.0 	 0.0 
-0.145	0.233827	 0.0 	0	0	 0.0 	0.005	1	1	 1.0e9 	 0.01 	 0.0 	 0.0 	 0.0 	 0.0 	 0.0	 0.0   	 0.0  	 0.0 	 0.0 	 0.0 	 0.0 	 0.0 	 0.0 	 0.0 
0.145	0.233827	 0.0 	0	0	 0.0 	0.005	1	1	 1.0e9 	 0.01 	 0.0 	 0.0 	 0.0 	 0.0 	 0.0	 0.0   	 0.0  	 0.0 	 0.0 	 0.0 	 0.0 	 0.0 	 0.0 	 0.0 
-0.15	0.242487	 0.0 	0	0	 0.0 	0.005	1	1	 1.0e9 	 0.01 	 0.0 	 0.0 	 0.0 	 0.0 	 0.0	 0.0   	 0.0  	 0.0 	 0.0 	 0.0 	 0.0 	 0.0 	 0.0 	 0.0 
0.15	0.242487	 0.0 	0	0	 0.0 	0.005	1	1	 1.0e9 	 0.01 	 0.0 	 0.0 	 0.0 	 0.0 	 0.0	 0.0   	 0.0  	 0.0 	 0.0 	 0.0 	 0.0 	 0.0 	 0.0 	 0.0 
-0.155	0.251147	 0.0 	0	0	 0.0 	0.005	1	1	 1.0e9 	 0.01 	 0.0 	 0.0 	 0.0 	 0.0 	 0.0	 0.0   	 0.0  	 0.0 	 0.0 	 0.0 	 0.0 	 0.0 	 0.0 	 0.0 
0.155	0.251147	 0.0 	0	0	 0.0 	0.005	1	1	 1.0e9 	 0.01 	 0.0 	 0.0 	 0.0 	 0.0 	 0.0	 0.0   	 0.0  	 0.0 	 0.0 	 0.0 	 0.0 	 0.0 	 0.0 	 0.0 
-0.16	0.259808	 0.0 	0	0	 0.0 	0.005	1	1	 1.0e9 	 0.01 	 0.0 	 0.0 	 0.0 	 0.0 	 0.0	 0.0   	 0.0  	 0.0 	 0.0 	 0.0 	 0.0 	 0.0 	 0.0 	 0.0 
0.16	0.259808	 0.0 	0	0	 0.0 	0.005	1	1	 1.0e9 	 0.01 	 0.0 	 0.0 	 0.0 	 0.0 	 0.0	 0.0   	 0.0  	 0.0 	 0.0 	 0.0 	 0.0 	 0.0 	 0.0 	 0.0 
-0.165	0.268468	 0.0 	0	0	 0.0 	0.005	1	1	 1.0e9 	 0.01 	 0.0 	 0.0 	 0.0 	 0.0 	 0.0	 0.0   	 0.0  	 0.0 	 0.0 	 0.0 	 0.0 	 0.0 	 0.0 	 0.0 
0.165	0.268468	 0.0 	0	0	 0.0 	0.005	1	1	 1.0e9 	 0.01 	 0.0 	 0.0 	 0.0 	 0.0 	 0.0	 0.0   	 0.0  	 0.0 	 0.0 	 0.0 	 0.0 	 0.0 	 0.0 	 0.0 
-0.17	0.277128	 0.0 	0	0	 0.0 	0.005	1	1	 1.0e9 	 0.01 	 0.0 	 0.0 	 0.0 	 0.0 	 0.0	 0.0   	 0.0  	 0.0 	 0.0 	 0.0 	 0.0 	 0.0 	 0.0 	 0.0 
0.17	0.277128	 0.0 	0	0	 0.0 	0.005	1	1	 1.0e9 	 0.01 	 0.0 	 0.0 	 0.0 	 0.0 	 0.0	 0.0   	 0.0  	 0.0 	 0.0 	 0.0 	 0.0 	 0.0 	 0.0 	 0.0 
-0.175	0.285788	 0.0 	0	0	 0.0 	0.005	1	1	 1.0e9 	 0.01 	 0.0 	 0.0 	 0.0 	 0.0 	 0.0	 0.0   	 0.0  	 0.0 	 0.0 	 0.0 	 0.0 	 0.0 	 0.0 	 0.0 
0.175	0.285788	 0.0 	0	0	 0.0 	0.005	1	1	 1.0e9 	 0.01 	 0.0 	 0.0 	 0.0 	 0.0 	 0.0	 0.0   	 0.0  	 0.0 	 0.0 	 0.0 	 0.0 	 0.0 	 0.0 	 0.0 
-0.18	0.294449	 0.0 	0	0	 0.0 	0.005	1	1	 1.0e9 	 0.01 	 0.0 	 0.0 	 0.0 	 0.0 	 0.0	 0.0   	 0.0  	 0.0 	 0.0 	 0.0 	 0.0 	 0.0 	 0.0 	 0.0 
0.18	0.294449	 0.0 	0	0	 0.0 	0.005	1	1	 1.0e9 	 0.01 	 0.0 	 0.0 	 0.0 	 0.0 	 0.0	 0.0   	 0.0  	 0.0 	 0.0 	 0.0 	 0.0 	 0.0 	 0.0 	 0.0 
-0.185	0.303109	 0.0 	0	0	 0.0 	0.005	1	1	 1.0e9 	 0.01 	 0.0 	 0.0 	 0.0 	 0.0 	 0.0	 0.0   	 0.0  	 0.0 	 0.0 	 0.0 	 0.0 	 0.0 	 0.0 	 0.0 
0.185	0.303109	 0.0 	0	0	 0.0 	0.005	1	1	 1.0e9 	 0.01 	 0.0 	 0.0 	 0.0 	 0.0 	 0.0	 0.0   	 0.0  	 0.0 	 0.0 	 0.0 	 0.0 	 0.0 	 0.0 	 0.0 
-0.19	0.311769	 0.0 	0	0	 0.0 	0.005	1	1	 1.0e9 	 0.01 	 0.0 	 0.0 	 0.0 	 0.0 	 0.0	 0.0   	 0.0  	 0.0 	 0.0 	 0.0 	 0.0 	 0.0 	 0.0 	 0.0 
0.19	0.311769	 0.0 	0	0	 0.0 	0.005	1	1	 1.0e9 	 0.01 	 0.0 	 0.0 	 0.0 	 0.0 	 0.0	 0.0   	 0.0  	 0.0 	 0.0 	 0.0 	 0.0 	 0.0 	 0.0 	 0.0 
-0.195	0.320429	 0.0 	0	0	 0.0 	0.005	1	1	 1.0e9 	 0.01 	 0.0 	 0.0 	 0.0 	 0.0 	 0.0	 0.0   	 0.0  	 0.0 	 0.0 	 0.0 	 0.0 	 0.0 	 0.0 	 0.0 
0.195	0.320429	 0.0 	0	0	 0.0 	0.005	1	1	 1.0e9 	 0.01 	 0.0 	 0.0 	 0.0 	 0.0 	 0.0	 0.0   	 0.0  	 0.0 	 0.0 	 0.0 	 0.0 	 0.0 	 0.0 	 0.0 
-0.2	0.32909	 0.0 	0	0	 0.0 	0.005	1	1	 1.0e9 	 0.01 	 0.0 	 0.0 	 0.0 	 0.0 	 0.0	 0.0   	 0.0  	 0.0 	 0.0 	 0.0 	 0.0 	 0.0 	 0.0 	 0.0 
0.2	0.32909	 0.0 	0	0	 0.0 	0.005	1	1	 1.0e9 	 0.01 	 0.0 	 0.0 	 0.0 	 0.0 	 0.0	 0.0   	 0.0  	 0.0 	 0.0 	 0.0 	 0.0 	 0.0 	 0.0 	 0.0 
-0.205	0.33775	 0.0 	0	0	 0.0 	0.005	1	1	 1.0e9 	 0.01 	 0.0 	 0.0 	 0.0 	 0.0 	 0.0	 0.0   	 0.0  	 0.0 	 0.0 	 0.0 	 0.0 	 0.0 	 0.0 	 0.0 
0.205	0.33775	 0.0 	0	0	 0.0 	0.005	1	1	 1.0e9 	 0.01 	 0.0 	 0.0 	 0.0 	 0.0 	 0.0	 0.0   	 0.0  	 0.0 	 0.0 	 0.0 	 0.0 	 0.0 	 0.0 	 0.0 
-0.21	0.34641	 0.0 	0	0	 0.0 	0.005	1	1	 1.0e9 	 0.01 	 0.0 	 0.0 	 0.0 	 0.0 	 0.0	 0.0   	 0.0  	 0.0 	 0.0 	 0.0 	 0.0 	 0.0 	 0.0 	 0.0 
0.21	0.34641	 0.0 	0	0	 0.0 	0.005	1	1	 1.0e9 	 0.01 	 0.0 	 0.0 	 0.0 	 0.0 	 0.0	 0.0   	 0.0  	 0.0 	 0.0 	 0.0 	 0.0 	 0.0 	 0.0 	 0.0 
-0.215	0.35507	 0.0 	0	0	 0.0 	0.005	1	1	 1.0e9 	 0.01 	 0.0 	 0.0 	 0.0 	 0.0 	 0.0	 0.0   	 0.0  	 0.0 	 0.0 	 0.0 	 0.0 	 0.0 	 0.0 	 0.0 
0.215	0.35507	 0.0 	0	0	 0.0 	0.005	1	1	 1.0e9 	 0.01 	 0.0 	 0.0 	 0.0 	 0.0 	 0.0	 0.0   	 0.0  	 0.0 	 0.0 	 0.0 	 0.0 	 0.0 	 0.0 	 0.0 
-0.22	0.363731	 0.0 	0	0	 0.0 	0.005	1	1	 1.0e9 	 0.01 	 0.0 	 0.0 	 0.0 	 0.0 	 0.0	 0.0   	 0.0  	 0.0 	 0.0 	 0.0 	 0.0 	 0.0 	 0.0 	 0.0 
0.22	0.363731	 0.0 	0	0	 0.0 	0.005	1	1	 1.0e9 	 0.01 	 0.0 	 0.0 	 0.0 	 0.0 	 0.0	 0.0   	 0.0  	 0.0 	 0.0 	 0.0 	 0.0 	 0.0 	 0.0 	 0.0 
-0.225	0.372391	 0.0 	0	0	 0.0 	0.005	1	1	 1.0e9 	 0.01 	 0.0 	 0.0 	 0.0 	 0.0 	 0.0	 0.0   	 0.0  	 0.0 	 0.0 	 0.0 	 0.0 	 0.0 	 0.0 	 0.0 
0.225	0.372391	 0.0 	0	0	 0.0 	0.005	1	1	 1.0e9 	 0.01 	 0.0 	 0.0 	 0.0 	 0.0 	 0.0	 0.0   	 0.0  	 0.0 	 0.0 	 0.0 	 0.0 	 0.0 	 0.0 	 0.0 
-0.23	0.381051	 0.0 	0	0	 0.0 	0.005	1	1	 1.0e9 	 0.01 	 0.0 	 0.0 	 0.0 	 0.0 	 0.0	 0.0   	 0.0  	 0.0 	 0.0 	 0.0 	 0.0 	 0.0 	 0.0 	 0.0 
0.23	0.381051	 0.0 	0	0	 0.0 	0.005	1	1	 1.0e9 	 0.01 	 0.0 	 0.0 	 0.0 	 0.0 	 0.0	 0.0   	 0.0  	 0.0 	 0.0 	 0.0 	 0.0 	 0.0 	 0.0 	 0.0 
-0.235	0.389711	 0.0 	0	0	 0.0 	0.005	1	1	 1.0e9 	 0.01 	 0.0 	 0.0 	 0.0 	 0.0 	 0.0	 0.0   	 0.0  	 0.0 	 0.0 	 0.0 	 0.0 	 0.0 	 0.0 	 0.0 
0.235	0.389711	 0.0 	0	0	 0.0 	0.005	1	1	 1.0e9 	 0.01 	 0.0 	 0.0 	 0.0 	 0.0 	 0.0	 0.0   	 0.0  	 0.0 	 0.0 	 0.0 	 0.0 	 0.0 	 0.0 	 0.0 
-0.24	0.398372	 0.0 	0	0	 0.0 	0.005	1	1	 1.0e9 	 0.01 	 0.0 	 0.0 	 0.0 	 0.0 	 0.0	 0.0   	 0.0  	 0.0 	 0.0 	 0.0 	 0.0 	 0.0 	 0.0 	 0.0 
0.24	0.398372	 0.0 	0	0	 0.0 	0.005	1	1	 1.0e9 	 0.01 	 0.0 	 0.0 	 0.0 	 0.0 	 0.0	 0.0   	 0.0  	 0.0 	 0.0 	 0.0 	 0.0 	 0.0 	 0.0 	 0.0 
-0.245	0.407032	 0.0 	0	0	 0.0 	0.005	1	1	 1.0e9 	 0.01 	 0.0 	 0.0 	 0.0 	 0.0 	 0.0	 0.0   	 0.0  	 0.0 	 0.0 	 0.0 	 0.0 	 0.0 	 0.0 	 0.0 
0.245	0.407032	 0.0 	0	0	 0.0 	0.005	1	1	 1.0e9 	 0.01 	 0.0 	 0.0 	 0.0 	 0.0 	 0.0	 0.0   	 0.0  	 0.0 	 0.0 	 0.0 	 0.0 	 0.0 	 0.0 	 0.0 
-0.25	0.415692	 0.0 	0	0	 0.0 	0.005	1	1	 1.0e9 	 0.01 	 0.0 	 0.0 	 0.0 	 0.0 	 0.0	 0.0   	 0.0  	 0.0 	 0.0 	 0.0 	 0.0 	 0.0 	 0.0 	 0.0 
0.25	0.415692	 0.0 	0	0	 0.0 	0.005	1	1	 1.0e9 	 0.01 	 0.0 	 0.0 	 0.0 	 0.0 	 0.0	 0.0   	 0.0  	 0.0 	 0.0 	 0.0 	 0.0 	 0.0 	 0.0 	 0.0 
-0.255	0.424352	 0.0 	0	0	 0.0 	0.005	1	1	 1.0e9 	 0.01 	 0.0 	 0.0 	 0.0 	 0.0 	 0.0	 0.0   	 0.0  	 0.0 	 0.0 	 0.0 	 0.0 	 0.0 	 0.0 	 0.0 
0.255	0.424352	 0.0 	0	0	 0.0 	0.005	1	1	 1.0e9 	 0.01 	 0.0 	 0.0 	 0.0 	 0.0 	 0.0	 0.0   	 0.0  	 0.0 	 0.0 	 0.0 	 0.0 	 0.0 	 0.0 	 0.0 
-0.26	0.433013	 0.0 	0	0	 0.0 	0.005	1	1	 1.0e9 	 0.01 	 0.0 	 0.0 	 0.0 	 0.0 	 0.0	 0.0   	 0.0  	 0.0 	 0.0 	 0.0 	 0.0 	 0.0 	 0.0 	 0.0 
0.26	0.433013	 0.0 	0	0	 0.0 	0.005	1	1	 1.0e9 	 0.01 	 0.0 	 0.0 	 0.0 	 0.0 	 0.0	 0.0   	 0.0  	 0.0 	 0.0 	 0.0 	 0.0 	 0.0 	 0.0 	 0.0 
-0.015	-0.00866025	 0.0 	0	0	 0.0 	0.005	1	1	 1.0e9 	 0.01 	 0.0 	 0.0 	 0.0 	 0.0 	 0.0	 0.0   	 0.0  	 0.0 	 0.0 	 0.0 	 0.0 	 0.0 	 0.0 	 0.0 
0.015	-0.00866025	 0.0 	0	0	 0.0 	0.005	1	1	 1.0e9 	 0.01 	 0.0 	 0.0 	 0.0 	 0.0 	 0.0	 0.0   	 0.0  	 0.0 	 0.0 	 0.0 	 0.0 	 0.0 	 0.0 	 0.0 
-0.02	-0.0173205	 0.0 	0	0	 0.0 	0.005	1	1	 1.0e9 	 0.01 	 0.0 	 0.0 	 0.0 	 0.0 	 0.0	 0.0   	 0.0  	 0.0 	 0.0 	 0.0 	 0.0 	 0.0 	 0.0 	 0.0 
0.02	-0.0173205	 0.0 	0	0	 0.0 	0.005	1	1	 1.0e9 	 0.01 	 0.0 	 0.0 	 0.0 	 0.0 	 0.0	 0.0   	 0.0  	 0.0 	 0.0 	 0.0 	 0.0 	 0.0 	 0.0 	 0.0 
-0.025	-0.0259808	 0.0 	0	0	 0.0 	0.005	1	1	 1.0e9 	 0.01 	 0.0 	 0.0 	 0.0 	 0.0 	 0.0	 0.0   	 0.0  	 0.0 	 0.0 	 0.0 	 0.0 	 0.0 	 0.0 	 0.0 
0.025	-0.0259808	 0.0 	0	0	 0.0 	0.005	1	1	 1.0e9 	 0.01 	 0.0 	 0.0 	 0.0 	 0.0 	 0.0	 0.0   	 0.0  	 0.0 	 0.0 	 0.0 	 0.0 	 0.0 	 0.0 	 0.0 
-0.03	-0.034641	 0.0 	0	0	 0.0 	0.005	1	1	 1.0e9 	 0.01 	 0.0 	 0.0 	 0.0 	 0.0 	 0.0	 0.0   	 0.0  	 0.0 	 0.0 	 0.0 	 0.0 	 0.0 	 0.0 	 0.0 
0.03	-0.034641	 0.0 	0	0	 0.0 	0.005	1	1	 1.0e9 	 0.01 	 0.0 	 0.0 	 0.0 	 0.0 	 0.0	 0.0   	 0.0  	 0.0 	 0.0 	 0.0 	 0.0 	 0.0 	 0.0 	 0.0 
-0.035	-0.0433013	 0.0 	0	0	 0.0 	0.005	1	1	 1.0e9 	 0.01 	 0.0 	 0.0 	 0.0 	 0.0 	 0.0	 0.0   	 0.0  	 0.0 	 0.0 	 0.0 	 0.0 	 0.0 	 0.0 	 0.0 
0.035	-0.0433013	 0.0 	0	0	 0.0 	0.005	1	1	 1.0e9 	 0.01 	 0.0 	 0.0 	 0.0 	 0.0 	 0.0	 0.0   	 0.0  	 0.0 	 0.0 	 0.0 	 0.0 	 0.0 	 0.0 	 0.0 
-0.04	-0.0519615	 0.0 	0	0	 0.0 	0.005	1	1	 1.0e9 	 0.01 	 0.0 	 0.0 	 0.0 	 0.0 	 0.0	 0.0   	 0.0  	 0.0 	 0.0 	 0.0 	 0.0 	 0.0 	 0.0 	 0.0 
0.04	-0.0519615	 0.0 	0	0	 0.0 	0.005	1	1	 1.0e9 	 0.01 	 0.0 	 0.0 	 0.0 	 0.0 	 0.0	 0.0   	 0.0  	 0.0 	 0.0 	 0.0 	 0.0 	 0.0 	 0.0 	 0.0 
-0.045	-0.0606218	 0.0 	0	0	 0.0 	0.005	1	1	 1.0e9 	 0.01 	 0.0 	 0.0 	 0.0 	 0.0 	 0.0	 0.0   	 0.0  	 0.0 	 0.0 	 0.0 	 0.0 	 0.0 	 0.0 	 0.0 
0.045	-0.0606218	 0.0 	0	0	 0.0 	0.005	1	1	 1.0e9 	 0.01 	 0.0 	 0.0 	 0.0 	 0.0 	 0.0	 0.0   	 0.0  	 0.0 	 0.0 	 0.0 	 0.0 	 0.0 	 0.0 	 0.0 
-0.05	-0.069282	 0.0 	0	0	 0.0 	0.005	1	1	 1.0e9 	 0.01 	 0.0 	 0.0 	 0.0 	 0.0 	 0.0	 0.0   	 0.0  	 0.0 	 0.0 	 0.0 	 0.0 	 0.0 	 0.0 	 0.0 
0.05	-0.069282	 0.0 	0	0	 0.0 	0.005	1	1	 1.0e9 	 0.01 	 0.0 	 0.0 	 0.0 	 0.0 	 0.0	 0.0   	 0.0  	 0.0 	 0.0 	 0.0 	 0.0 	 0.0 	 0.0 	 0.0 
-0.055	-0.0779423	 0.0 	0	0	 0.0 	0.005	1	1	 1.0e9 	 0.01 	 0.0 	 0.0 	 0.0 	 0.0 	 0.0	 0.0   	 0.0  	 0.0 	 0.0 	 0.0 	 0.0 	 0.0 	 0.0 	 0.0 
0.055	-0.0779423	 0.0 	0	0	 0.0 	0.005	1	1	 1.0e9 	 0.01 	 0.0 	 0.0 	 0.0 	 0.0 	 0.0	 0.0   	 0.0  	 0.0 	 0.0 	 0.0 	 0.0 	 0.0 	 0.0 	 0.0 
-0.06	-0.0866025	 0.0 	0	0	 0.0 	0.005	1	1	 1.0e9 	 0.01 	 0.0 	 0.0 	 0.0 	 0.0 	 0.0	 0.0   	 0.0  	 0.0 	 0.0 	 0.0 	 0.0 	 0.0 	 0.0 	 0.0 
0.06	-0.0866025	 0.0 	0	0	 0.0 	0.005	1	1	 1.0e9 	 0.01 	 0.0 	 0.0 	 0.0 	 0.0 	 0.0	 0.0   	 0.0  	 0.0 	 0.0 	 0.0 	 0.0 	 0.0 	 0.0 	 0.0 
-0.065	-0.0952628	 0.0 	0	0	 0.0 	0.005	1	1	 1.0e9 	 0.01 	 0.0 	 0.0 	 0.0 	 0.0 	 0.0	 0.0   	 0.0  	 0.0 	 0.0 	 0.0 	 0.0 	 0.0 	 0.0 	 0.0 
0.065	-0.0952628	 0.0 	0	0	 0.0 	0.005	1	1	 1.0e9 	 0.01 	 0.0 	 0.0 	 0.0 	 0.0 	 0.0	 0.0   	 0.0  	 0.0 	 0.0 	 0.0 	 0.0 	 0.0 	 0.0 	 0.0 
-0.07	-0.103923	 0.0 	0	0	 0.0 	0.005	1	1	 1.0e9 	 0.01 	 0.0 	 0.0 	 0.0 	 0.0 	 0.0	 0.0   	 0.0  	 0.0 	 0.0 	 0.0 	 0.0 	 0.0 	 0.0 	 0.0 
0.07	-0.103923	 0.0 	0	0	 0.0 	0.005	1	1	 1.0e9 	 0.01 	 0.0 	 0.0 	 0.0 	 0.0 	 0.0	 0.0   	 0.0  	 0.0 	 0.0 	 0.0 	 0.0 	 0.0 	 0.0 	 0.0 
-0.075	-0.112583	 0.0 	0	0	 0.0 	0.005	1	1	 1.0e9 	 0.01 	 0.0 	 0.0 	 0.0 	 0.0 	 0.0	 0.0   	 0.0  	 0.0 	 0.0 	 0.0 	 0.0 	 0.0 	 0.0 	 0.0 
0.075	-0.112583	 0.0 	0	0	 0.0 	0.005	1	1	 1.0e9 	 0.01 	 0.0 	 0.0 	 0.0 	 0.0 	 0.0	 0.0   	 0.0  	 0.0 	 0.0 	 0.0 	 0.0 	 0.0 	 0.0 	 0.0 
-0.08	-0.121244	 0.0 	0	0	 0.0 	0.005	1	1	 1.0e9 	 0.01 	 0.0 	 0.0 	 0.0 	 0.0 	 0.0	 0.0   	 0.0  	 0.0 	 0.0 	 0.0 	 0.0 	 0.0 	 0.0 	 0.0 
0.08	-0.121244	 0.0 	0	0	 0.0 	0.005	1	1	 1.0e9 	 0.01 	 0.0 	 0.0 	 0.0 	 0.0 	 0.0	 0.0   	 0.0  	 0.0 	 0.0 	 0.0 	 0.0 	 0.0 	 0.0 	 0.0 
-0.085	-0.129904	 0.0 	0	0	 0.0 	0.005	1	1	 1.0e9 	 0.01 	 0.0 	 0.0 	 0.0 	 0.0 	 0.0	 0.0   	 0.0  	 0.0 	 0.0 	 0.0 	 0.0 	 0.0 	 0.0 	 0.0 
0.085	-0.129904	 0.0 	0	0	 0.0 	0.005	1	1	 1.0e9 	 0.01 	 0.0 	 0.0 	 0.0 	 0.0 	 0.0	 0.0   	 0.0  	 0.0 	 0.0 	 0.0 	 0.0 	 0.0 	 0.0 	 0.0 
-0.09	-0.138564	 0.0 	0	0	 0.0 	0.005	1	1	 1.0e9 	 0.01 	 0.0 	 0.0 	 0.0 	 0.0 	 0.0	 0.0   	 0.0  	 0.0 	 0.0 	 0.0 	 0.0 	 0.0 	 0.0 	 0.0 
0.09	-0.138564	 0.0 	0	0	 0.0 	0.005	1	1	 1.0e9 	 0.01 	 0.0 	 0.0 	 0.0 	 0.0 	 0.0	 0.0   	 0.0  	 0.0 	 0.0 	 0.0 	 0.0 	 0.0 	 0.0 	 0.0 
-0.095	-0.147224	 0.0 	0	0	 0.0 	0.005	1	1	 1.0e9 	 0.01 	 0.0 	 0.0 	 0.0 	 0.0 	 0.0	 0.0   	 0.0  	 0.0 	 0.0 	 0.0 	 0.0 	 0.0 	 0.0 	 0.0 
0.095	-0.147224	 0.0 	0	0	 0.0 	0.005	1	1	 1.0e9 	 0.01 	 0.0 	 0.0 	 0.0 	 0.0 	 0.0	 0.0   	 0.0  	 0.0 	 0.0 	 0.0 	 0.0 	 0.0 	 0.0 	 0.0 
-0.1	-0.155885	 0.0 	0	0	 0.0 	0.005	1	1	 1.0e9 	 0.01 	 0.0 	 0.0 	 0.0 	 0.0 	 0.0	 0.0   	 0.0  	 0.0 	 0.0 	 0.0 	 0.0 	 0.0 	 0.0 	 0.0 
0.1	-0.155885	 0.0 	0	0	 0.0 	0.005	1	1	 1.0e9 	 0.01 	 0.0 	 0.0 	 0.0 	 0.0 	 0.0	 0.0   	 0.0  	 0.0 	 0.0 	 0.0 	 0.0 	 0.0 	 0.0 	 0.0 
-0.105	-0.164545	 0.0 	0	0	 0.0 	0.005	1	1	 1.0e9 	 0.01 	 0.0 	 0.0 	 0.0 	 0.0 	 0.0	 0.0   	 0.0  	 0.0 	 0.0 	 0.0 	 0.0 	 0.0 	 0.0 	 0.0 
0.105	-0.164545	 0.0 	0	0	 0.0 	0.005	1	1	 1.0e9 	 0.01 	 0.0 	 0.0 	 0.0 	 0.0 	 0.0	 0.0   	 0.0  	 0.0 	 0.0 	 0.0 	 0.0 	 0.0 	 0.0 	 0.0 
-0.11	-0.173205	 0.0 	0	0	 0.0 	0.005	1	1	 1.0e9 	 0.01 	 0.0 	 0.0 	 0.0 	 0.0 	 0.0	 0.0   	 0.0  	 0.0 	 0.0 	 0.0 	 0.0 	 0.0 	 0.0 	 0.0 
0.11	-0.173205	 0.0 	0	0	 0.0 	0.005	1	1	 1.0e9 	 0.01 	 0.0 	 0.0 	 0.0 	 0.0 	 0.0	 0.0   	 0.0  	 0.0 	 0.0 	 0.0 	 0.0 	 0.0 	 0.0 	 0.0 
-0.115	-0.181865	 0.0 	0	0	 0.0 	0.005	1	1	 1.0e9 	 0.01 	 0.0 	 0.0 	 0.0 	 0.0 	 0.0	 0.0   	 0.0  	 0.0 	 0.0 	 0.0 	 0.0 	 0.0 	 0.0 	 0.0 
0.115	-0.181865	 0.0 	0	0	 0.0 	0.005	1	1	 1.0e9 	 0.01 	 0.0 	 0.0 	 0.0 	 0.0 	 0.0	 0.0   	 0.0  	 0.0 	 0.0 	 0.0 	 0.0 	 0.0 	 0.0 	 0.0 
-0.12	-0.190526	 0.0 	0	0	 0.0 	0.005	1	1	 1.0e9 	 0.01 	 0.0 	 0.0 	 0.0 	 0.0 	 0.0	 0.0   	 0.0  	 0.0 	 0.0 	 0.0 	 0.0 	 0.0 	 0.0 	 0.0 
0.12	-0.190526	 0.0 	0	0	 0.0 	0.005	1	1	 1.0e9 	 0.01 	 0.0 	 0.0 	 0.0 	 0.0 	 0.0	 0.0   	 0.0  	 0.0 	 0.0 	 0.0 	 0.0 	 0.0 	 0.0 	 0.0 
-0.125	-0.199186	 0.0 	0	0	 0.0 	0.005	1	1	 1.0e9 	 0.01 	 0.0 	 0.0 	 0.0 	 0.0 	 0.0	 0.0   	 0.0  	 0.0 	 0.0 	 0.0 	 0.0 	 0.0 	 0.0 	 0.0 
0.125	-0.199186	 0.0 	0	0	 0.0 	0.005	1	1	 1.0e9 	 0.01 	 0.0 	 0.0 	 0.0 	 0.0 	 0.0	 0.0   	 0.0  	 0.0 	 0.0 	 0.0 	 0.0 	 0.0 	 0.0 	 0.0 
-0.13	-0.207846	 0.0 	0	0	 0.0 	0.005	1	1	 1.0e9 	 0.01 	 0.0 	 0.0 	 0.0 	 0.0 	 0.0	 0.0   	 0.0  	 0.0 	 0.0 	 0.0 	 0.0 	 0.0 	 0.0 	 0.0 
0.13	-0.207846	 0.0 	0	0	 0.0 	0.005	1	1	 1.0e9 	 0.01 	 0.0 	 0.0 	 0.0 	 0.0 	 0.0	 0.0   	 0.0  	 0.0 	 0.0 	 0.0 	 0.0 	 0.0 	 0.0 	 0.0 
-0.135	-0.216506	 0.0 	0	0	 0.0 	0.005	1	1	 1.0e9 	 0.01 	 0.0 	 0.0 	 0.0 	 0.0 	 0.0	 0.0   	 0.0  	 0.0 	 0.0 	 0.0 	 0.0 	 0.0 	 0.0 	 0.0 
0.135	-0.216506	 0.0 	0	0	 0.0 	0.005	1	1	 1.0e9 	 0.01 	 0.0 	 0.0 	 0.0 	 0.0 	 0.0	 0.0   	 0.0  	 0.0 	 0.0 	 0.0 	 0.0 	 0.0 	 0.0 	 0.0 
-0.14	-0.225167	 0.0 	0	0	 0.0 	0.005	1	1	 1.0e9 	 0.01 	 0.0 	 0.0 	 0.0 	 0.0 	 0.0	 0.0   	 0.0  	 0.0 	 0.0 	 0.0 	 0.0 	 0.0 	 0.0 	 0.0 
0.14	-0.225167	 0.0 	0	0	 0.0 	0.005	1	1	 1.0e9 	 0.01 	 0.0 	 0.0 	 0.0 	 0.0 	 0.0	 0.0   	 0.0  	 0.0 	 0.0 	 0.0 	 0.0 	 0.0 	 0.0 	 0.0 
-0.145	-0.233827	 0.0 	0	0	 0.0 	0.005	1	1	 1.0e9 	 0.01 	 0.0 	 0.0 	 0.0 	 0.0 	 0.0	 0.0   	 0.0  	 0.0 	 0.0 	 0.0 	 0.0 	 0.0 	 0.0 	 0.0 
0.145	-0.233827	 0.0 	0	0	 0.0 	0.005	1	1	 1.0e9 	 0.01 	 0.0 	 0.0 	 0.0 	 0.0 	 0.0	 0.0   	 0.0  	 0.0 	 0.0 	 0.0 	 0.0 	 0.0 	 0.0 	 0.0 
-0.15	-0.242487	 0.0 	0	0	 0.0 	0.005	1	1	 1.0e9 	 0.01 	 0.0 	 0.0 	 0.0 	 0.0 	 0.0	 0.0   	 0.0  	 0.0 	 0.0 	 0.0 	 0.0 	 0.0 	 0.0 	 0.0 
0.15	-0.242487	 0.0 	0	0	 0.0 	0.005	1	1	 1.0e9 	 0.01 	 0.0 	 0.0 	 0.0 	 0.0 	 0.0	 0.0   	 0.0  	 0.0 	 0.0 	 0.0 	 0.0 	 0.0 	 0.0 	 0.0 
-0.155	-0.251147	 0.0 	0	0	 0.0 	0.005	1	1	 1.0e9 	 0.01 	 0.0 	 0.0 	 0.0 	 0.0 	 0.0	 0.0   	 0.0  	 0.0 	 0.0 	 0.0 	 0.0 	 0.0 	 0.0 	 0.0 
0.155	-0.251147	 0.0 	0	0	 0.0 	0.005	1	1	 1.0e9 	 0.01 	 0.0 	 0.0 	 0.0 	 0.0 	 0.0	 0.0   	 0.0  	 0.0 	 0.0 	 0.0 	 0.0 	 0.0 	 0.0 	 0.0 
-0.16	-0.259808	 0.0 	0	0	 0.0 	0.005	1	1	 1.0e9 	 0.01 	 0.0 	 0.0 	 0.0 	 0.0 	 0.0	 0.0   	 0.0  	 0.0 	 0.0 	 0.0 	 0.0 	 0.0 	 0.0 	 0.0 
0.16	-0.259808	 0.0 	0	0	 0.0 	0.005	1	1	 1.0e9 	 0.01 	 0.0 	 0.0 	 0.0 	 0.0 	 0.0	 0.0   	 0.0  	 0.0 	 0.0 	 0.0 	 0.0 	 0.0 	 0.0 	 0.0 
-0.165	-0.268468	 0.0 	0	0	 0.0 	0.005	1	1	 1.0e9 	 0.01 	 0.0 	 0.0 	 0.0 	 0.0 	 0.0	 0.0   	 0.0  	 0.0 	 0.0 	 0.0 	 0.0 	 0.0 	 0.0 	 0.0 
0.165	-0.268468	 0.0 	0	0	 0.0 	0.005	1	1	 1.0e9 	 0.01 	 0.0 	 0.0 	 0.0 	 0.0 	 0.0	 0.0   	 0.0  	 0.0 	 0.0 	 0.0 	 0.0 	 0.0 	 0.0 	 0.0 
-0.17	-0.277128	 0.0 	0	0	 0.0 	0.005	1	1	 1.0e9 	 0.01 	 0.0 	 0.0 	 0.0 	 0.0 	 0.0	 0.0   	 0.0  	 0.0 	 0.0 	 0.0 	 0.0 	 0.0 	 0.0 	 0.0 
0.17	-0.277128	 0.0 	0	0	 0.0 	0.005	1	1	 1.0e9 	 0.01 	 0.0 	 0.0 	 0.0 	 0.0 	 0.0	 0.0   	 0.0  	 0.0 	 0.0 	 0.0 	 0.0 	 0.0 	 0.0 	 0.0 
-0.175	-0.285788	 0.0 	0	0	 0.0 	0.005	1	1	 1.0e9 	 0.01 	 0.0 	 0.0 	 0.0 	 0.0 	 0.0	 0.0   	 0.0  	 0.0 	 0.0 	 0.0 	 0.0 	 0.0 	 0.0 	 0.0 
0.175	-0.285788	 0.0 	0	0	 0.0 	0.005	1	1	 1.0e9 	 0.01 	 0.0 	 0.0 	 0.0 	 0.0 	 0.0	 0.0   	 0.0  	 0.0 	 0.0 	 0.0 	 0.0 	 0.0 	 0.0 	 0.0 
-0.18	-0.294449	 0.0 	0	0	 0.0 	0.005	1	1	 1.0e9 	 0.01 	 0.0 	 0.0 	 0.0 	 0.0 	 0.0	 0.0   	 0.0  	 0.0 	 0.0 	 0.0 	 0.0 	 0.0 	 0.0 	 0.0 
0.18	-0.294449	 0.0 	0	0	 0.0 	0.005	1	1	 1.0e9 	 0.01 	 0.0 	 0.0 	 0.0 	 0.0 	 0.0	 0.0   	 0.0  	 0.0 	 0.0 	 0.0 	 0.0 	 0.0 	 0.0 	 0.0 
-0.185	-0.303109	 0.0 	0	0	 0.0 	0.005	1	1	 1.0e9 	 0.01 	 0.0 	 0.0 	 0.0 	 0.0 	 0.0	 0.0   	 0.0  	 0.0 	 0.0 	 0.0 	 0.0 	 0.0 	 0.0 	 0.0 
0.185	-0.303109	 0.0 	0	0	 0.0 	0.005	1	1	 1.0e9 	 0.01 	 0.0 	 0.0 	 0.0 	 0.0 	 0.0	 0.0   	 0.0  	 0.0 	 0.0 	 0.0 	 0.0 	 0.0 	 0.0 	 0.0 
-0.19	-0.311769	 0.0 	0	0	 0.0 	0.005	1	1	 1.0e9 	 0.01 	 0.0 	 0.0 	 0.0 	 0.0 	 0.0	 0.0   	 0.0  	 0.0 	 0.0 	 0.0 	 0.0 	 0.0 	 0.0 	 0.0 
0.19	-0.311769	 0.0 	0	0	 0.0 	0.005	1	1	 1.0e9 	 0.01 	 0.0 	 0.0 	 0.0 	 0.0 	 0.0	 0.0   	 0.0  	 0.0 	 0.0 	 0.0 	 0.0 	 0.0 	 0.0 	 0.0 
-0.195	-0.320429	 0.0 	0	0	 0.0 	0.005	1	1	 1.0e9 	 0.01 	 0.0 	 0.0 	 0.0 	 0.0 	 0.0	 0.0   	 0.0  	 0.0 	 0.0 	 0.0 	 0.0 	 0.0 	 0.0 	 0.0 
0.195	-0.320429	 0.0 	0	0	 0.0 	0.005	1	1	 1.0e9 	 0.01 	 0.0 	 0.0 	 0.0 	 0.0 	 0.0	 0.0   	 0.0  	 0.0 	 0.0 	 0.0 	 0.0 	 0.0 	 0.0 	 0.0 
-0.2	-0.32909	 0.0 	0	0	 0.0 	0.005	1	1	 1.0e9 	 0.01 	 0.0 	 0.0 	 0.0 	 0.0 	 0.0	 0.0   	 0.0  	 0.0 	 0.0 	 0.0 	 0.0 	 0.0 	 0.0 	 0.0 
0.2	-0.32909	 0.0 	0	0	 0.0 	0.005	1	1	 1.0e9 	 0.01 	 0.0 	 0.0 	 0.0 	 0.0 	 0.0	 0.0   	 0.0  	 0.0 	 0.0 	 0.0 	 0.0 	 0.0 	 0.0 	 0.0 
-0.205	-0.33775	 0.0 	0	0	 0.0 	0.005	1	1	 1.0e9 	 0.01 	 0.0 	 0.0 	 0.0 	 0.0 	 0.0	 0.0   	 0.0  	 0.0 	 0.0 	 0.0 	 0.0 	 0.0 	 0.0 	 0.0 
0.205	-0.33775	 0.0 	0	0	 0.0 	0.005	1	1	 1.0e9 	 0.01 	 0.0 	 0.0 	 0.0 	 0.0 	 0.0	 0.0   	 0.0  	 0.0 	 0.0 	 0.0 	 0.0 	 0.0 	 0.0 	 0.0 
-0.21	-0.34641	 0.0 	0	0	 0.0 	0.005	1	1	 1.0e9 	 0.01 	 0.0 	 0.0 	 0.0 	 0.0 	 0.0	 0.0   	 0.0  	 0.0 	 0.0 	 0.0 	 0.0 	 0.0 	 0.0 	 0.0 
0.21	-0.34641	 0.0 	0	0	 0.0 	0.005	1	1	 1.0e9 	 0.01 	 0.0 	 0.0 	 0.0 	 0.0 	 0.0	 0.0   	 0.0  	 0.0 	 0.0 	 0.0 	 0.0 	 0.0 	 0.0 	 0.0 
-0.215	-0.35507	 0.0 	0	0	 0.0 	0.005	1	1	 1.0e9 	 0.01 	 0.0 	 0.0 	 0.0 	 0.0 	 0.0	 0.0   	 0.0  	 0.0 	 0.0 	 0.0 	 0.0 	 0.0 	 0.0 	 0.0 
0.215	-0.35507	 0.0 	0	0	 0.0 	0.005	1	1	 1.0e9 	 0.01 	 0.0 	 0.0 	 0.0 	 0.0 	 0.0	 0.0   	 0.0  	 0.0 	 0.0 	 0.0 	 0.0 	 0.0 	 0.0 	 0.0 
-0.22	-0.363731	 0.0 	0	0	 0.0 	0.005	1	1	 1.0e9 	 0.01 	 0.0 	 0.0 	 0.0 	 0.0 	 0.0	 0.0   	 0.0  	 0.0 	 0.0 	 0.0 	 0.0 	 0.0 	 0.0 	 0.0 
0.22	-0.363731	 0.0 	0	0	 0.0 	0.005	1	1	 1.0e9 	 0.01 	 0.0 	 0.0 	 0.0 	 0.0 	 0.0	 0.0   	 0.0  	 0.0 	 0.0 	 0.0 	 0.0 	 0.0 	 0.0 	 0.0 
-0.225	-0.372391	 0.0 	0	0	 0.0 	0.005	1	1	 1.0e9 	 0.01 	 0.0 	 0.0 	 0.0 	 0.0 	 0.0	 0.0   	 0.0  	 0.0 	 0.0 	 0.0 	 0.0 	 0.0 	 0.0 	 0.0 
0.225	-0.372391	 0.0 	0	0	 0.0 	0.005	1	1	 1.0e9 	 0.01 	 0.0 	 0.0 	 0.0 	 0.0 	 0.0	 0.0   	 0.0  	 0.0 	 0.0 	 0.0 	 0.0 	 0.0 	 0.0 	 0.0 
-0.23	-0.381051	 0.0 	0	0	 0.0 	0.005	1	1	 1.0e9 	 0.01 	 0.0 	 0.0 	 0.0 	 0.0 	 0.0	 0.0   	 0.0  	 0.0 	 0.0 	 0.0 	 0.0 	 0.0 	 0.0 	 0.0 
0.23	-0.381051	 0.0 	0	0	 0.0 	0.005	1	1	 1.0e9 	 0.01 	 0.0 	 0.0 	 0.0 	 0.0 	 0.0	 0.0   	 0.0  	 0.0 	 0.0 	 0.0 	 0.0 	 0.0 	 0.0 	 0.0 
-0.235	-0.389711	 0.0 	0	0	 0.0 	0.005	1	1	 1.0e9 	 0.01 	 0.0 	 0.0 	 0.0 	 0.0 	 0.0	 0.0   	 0.0  	 0.0 	 0.0 	 0.0 	 0.0 	 0.0 	 0.0 	 0.0 
0.235	-0.389711	 0.0 	0	0	 0.0 	0.005	1	1	 1.0e9 	 0.01 	 0.0 	 0.0 	 0.0 	 0.0 	 0.0	 0.0   	 0.0  	 0.0 	 0.0 	 0.0 	 0.0 	 0.0 	 0.0 	 0.0 
-0.24	-0.398372	 0.0 	0	0	 0.0 	0.005	1	1	 1.0e9 	 0.01 	 0.0 	 0.0 	 0.0 	 0.0 	 0.0	 0.0   	 0.0  	 0.0 	 0.0 	 0.0 	 0.0 	 0.0 	 0.0 	 0.0 
0.24	-0.398372	 0.0 	0	0	 0.0 	0.005	1	1	 1.0e9 	 0.01 	 0.0 	 0.0 	 0.0 	 0.0 	 0.0	 0.0   	 0.0  	 0.0 	 0.0 	 0.0 	 0.0 	 0.0 	 0.0 	 0.0 
-0.245	-0.407032	 0.0 	0	0	 0.0 	0.005	1	1	 1.0e9 	 0.01 	 0.0 	 0.0 	 0.0 	 0.0 	 0.0	 0.0   	 0.0  	 0.0 	 0.0 	 0.0 	 0.0 	 0.0 	 0.0 	 0.0 
0.245	-0.407032	 0.0 	0	0	 0.0 	0.005	1	1	 1.0e9 	 0.01 	 0.0 	 0.0 	 0.0 	 0.0 	 0.0	 0.0   	 0.0  	 0.0 	 0.0 	 0.0 	 0.0 	 0.0 	 0.0 	 0.0 
-0.25	-0.415692	 0.0 	0	0	 0.0 	0.005	1	1	 1.0e9 	 0.01 	 0.0 	 0.0 	 0.0 	 0.0 	 0.0	 0.0   	 0.0  	 0.0 	 0.0 	 0.0 	 0.0 	 0.0 	 0.0 	 0.0 
0.25	-0.415692	 0.0 	0	0	 0.0 	0.005	1	1	 1.0e9 	 0.01 	 0.0 	 0.0 	 0.0 	 0.0 	 0.0	 0.0   	 0.0  	 0.0 	 0.0 	 0.0 	 0.0 	 0.0 	 0.0 	 0.0 
-0.255	-0.424352	 0.0 	0	0	 0.0 	0.005	1	1	 1.0e9 	 0.01 	 0.0 	 0.0 	 0.0 	 0.0 	 0.0	 0.0   	 0.0  	 0.0 	 0.0 	 0.0 	 0.0 	 0.0 	 0.0 	 0.0 
0.255	-0.424352	 0.0 	0	0	 0.0 	0.005	1	1	 1.0e9 	 0.01 	 0.0 	 0.0 	 0.0 	 0.0 	 0.0	 0.0   	 0.0  	 0.0 	 0.0 	 0.0 	 0.0 	 0.0 	 0.0 	 0.0 
-0.26	-0.433013	 0.0 	0	0	 0.0 	0.005	1	1	 1.0e9 	 0.01 	 0.0 	 0.0 	 0.0 	 0.0 	 0.0	 0.0   	 0.0  	 0.0 	 0.0 	 0.0 	 0.0 	 0.0 	 0.0 	 0.0 
0.26	-0.433013	 0.0 	0	0	 0.0 	0.005	1	1	 1.0e9 	 0.01 	 0.0 	 0.0 	 0.0 	 0.0 	 0.0	 0.0   	 0.0  	 0.0 	 0.0 	 0.0 	 0.0 	 0.0 	 0.0 	 0.0 
-0.26	-0.441673	 0.0 	0	0	 0.0 	0.005	1	1	 1.0e9 	 0.01 	 0.0 	 0.0 	 0.0 	 0.0 	 0.0	 0.0   	 0.0  	 0.0 	 0.0 	 0.0 	 0.0 	 0.0 	 0.0 	 0.0 
-0.25	-0.441673	 0.0 	0	0	 0.0 	0.005	1	1	 1.0e9 	 0.01 	 0.0 	 0.0 	 0.0 	 0.0 	 0.0	 0.0   	 0.0  	 0.0 	 0.0 	 0.0 	 0.0 	 0.0 	 0.0 	 0.0 
-0.24	-0.441673	 0.0 	0	0	 0.0 	0.005	1	1	 1.0e9 	 0.01 	 0.0 	 0.0 	 0.0 	 0.0 	 0.0	 0.0   	 0.0  	 0.0 	 0.0 	 0.0 	 0.0 	 0.0 	 0.0 	 0.0 
-0.23	-0.441673	 0.0 	0	0	 0.0 	0.005	1	1	 1.0e9 	 0.01 	 0.0 	 0.0 	 0.0 	 0.0 	 0.0	 0.0   	 0.0  	 0.0 	 0.0 	 0.0 	 0.0 	 0.0 	 0.0 	 0.0 
-0.22	-0.441673	 0.0 	0	0	 0.0 	0.005	1	1	 1.0e9 	 0.01 	 0.0 	 0.0 	 0.0 	 0.0 	 0.0	 0.0   	 0.0  	 0.0 	 0.0 	 0.0 	 0.0 	 0.0 	 0.0 	 0.0 
-0.21	-0.441673	 0.0 	0	0	 0.0 	0.005	1	1	 1.0e9 	 0.01 	 0.0 	 0.0 	 0.0 	 0.0 	 0.0	 0.0   	 0.0  	 0.0 	 0.0 	 0.0 	 0.0 	 0.0 	 0.0 	 0.0 
-0.2	-0.441673	 0.0 	0	0	 0.0 	0.005	1	1	 1.0e9 	 0.01 	 0.0 	 0.0 	 0.0 	 0.0 	 0.0	 0.0   	 0.0  	 0.0 	 0.0 	 0.0 	 0.0 	 0.0 	 0.0 	 0.0 
-0.19	-0.441673	 0.0 	0	0	 0.0 	0.005	1	1	 1.0e9 	 0.01 	 0.0 	 0.0 	 0.0 	 0.0 	 0.0	 0.0   	 0.0  	 0.0 	 0.0 	 0.0 	 0.0 	 0.0 	 0.0 	 0.0 
-0.18	-0.441673	 0.0 	0	0	 0.0 	0.005	1	1	 1.0e9 	 0.01 	 0.0 	 0.0 	 0.0 	 0.0 	 0.0	 0.0   	 0.0  	 0.0 	 0.0 	 0.0 	 0.0 	 0.0 	 0.0 	 0.0 
-0.17	-0.441673	 0.0 	0	0	 0.0 	0.005	1	1	 1.0e9 	 0.01 	 0.0 	 0.0 	 0.0 	 0.0 	 0.0	 0.0   	 0.0  	 0.0 	 0.0 	 0.0 	 0.0 	 0.0 	 0.0 	 0.0 
-0.16	-0.441673	 0.0 	0	0	 0.0 	0.005	1	1	 1.0e9 	 0.01 	 0.0 	 0.0 	 0.0 	 0.0 	 0.0	 0.0   	 0.0  	 0.0 	 0.0 	 0.0 	 0.0 	 0.0 	 0.0 	 0.0 
-0.15	-0.441673	 0.0 	0	0	 0.0 	0.005	1	1	 1.0e9 	 0.01 	 0.0 	 0.0 	 0.0 	 0.0 	 0.0	 0.0   	 0.0  	 0.0 	 0.0 	 0.0 	 0.0 	 0.0 	 0.0 	 0.0 
-0.14	-0.441673	 0.0 	0	0	 0.0 	0.005	1	1	 1.0e9 	 0.01 	 0.0 	 0.0 	 0.0 	 0.0 	 0.0	 0.0   	 0.0  	 0.0 	 0.0 	 0.0 	 0.0 	 0.0 	 0.0 	 0.0 
-0.13	-0.441673	 0.0 	0	0	 0.0 	0.005	1	1	 1.0e9 	 0.01 	 0.0 	 0.0 	 0.0 	 0.0 	 0.0	 0.0   	 0.0  	 0.0 	 0.0 	 0.0 	 0.0 	 0.0 	 0.0 	 0.0 
-0.12	-0.441673	 0.0 	0	0	 0.0 	0.005	1	1	 1.0e9 	 0.01 	 0.0 	 0.0 	 0.0 	 0.0 	 0.0	 0.0   	 0.0  	 0.0 	 0.0 	 0.0 	 0.0 	 0.0 	 0.0 	 0.0 
-0.11	-0.441673	 0.0 	0	0	 0.0 	0.005	1	1	 1.0e9 	 0.01 	 0.0 	 0.0 	 0.0 	 0.0 	 0.0	 0.0   	 0.0  	 0.0 	 0.0 	 0.0 	 0.0 	 0.0 	 0.0 	 0.0 
-0.1	-0.441673	 0.0 	0	0	 0.0 	0.005	1	1	 1.0e9 	 0.01 	 0.0 	 0.0 	 0.0 	 0.0 	 0.0	 0.0   	 0.0  	 0.0 	 0.0 	 0.0 	 0.0 	 0.0 	 0.0 	 0.0 
-0.09	-0.441673	 0.0 	0	0	 0.0 	0.005	1	1	 1.0e9 	 0.01 	 0.0 	 0.0 	 0.0 	 0.0 	 0.0	 0.0   	 0.0  	 0.0 	 0.0 	 0.0 	 0.0 	 0.0 	 0.0 	 0.0 
-0.08	-0.441673	 0.0 	0	0	 0.0 	0.005	1	1	 1.0e9 	 0.01 	 0.0 	 0.0 	 0.0 	 0.0 	 0.0	 0.0   	 0.0  	 0.0 	 0.0 	 0.0 	 0.0 	 0.0 	 0.0 	 0.0 
-0.07	-0.441673	 0.0 	0	0	 0.0 	0.005	1	1	 1.0e9 	 0.01 	 0.0 	 0.0 	 0.0 	 0.0 	 0.0	 0.0   	 0.0  	 0.0 	 0.0 	 0.0 	 0.0 	 0.0 	 0.0 	 0.0 
-0.06	-0.441673	 0.0 	0	0	 0.0 	0.005	1	1	 1.0e9 	 0.01 	 0.0 	 0.0 	 0.0 	 0.0 	 0.0	 0.0   	 0.0  	 0.0 	 0.0 	 0.0 	 0.0 	 0.0 	 0.0 	 0.0 
-0.05	-0.441673	 0.0 	0	0	 0.0 	0.005	1	1	 1.0e9 	 0.01 	 0.0 	 0.0 	 0.0 	 0.0 	 0.0	 0.0   	 0.0  	 0.0 	 0.0 	 0.0 	 0.0 	 0.0 	 0.0 	 0.0 
-0.04	-0.441673	 0.0 	0	0	 0.0 	0.005	1	1	 1.0e9 	 0.01 	 0.0 	 0.0 	 0.0 	 0.0 	 0.0	 0.0   	 0.0  	 0.0 	 0.0 	 0.0 	 0.0 	 0.0 	 0.0 	 0.0 
-0.03	-0.441673	 0.0 	0	0	 0.0 	0.005	1	1	 1.0e9 	 0.01 	 0.0 	 0.0 	 0.0 	 0.0 	 0.0	 0.0   	 0.0  	 0.0 	 0.0 	 0.0 	 0.0 	 0.0 	 0.0 	 0.0 
-0.02	-0.441673	 0.0 	0	0	 0.0 	0.005	1	1	 1.0e9 	 0.01 	 0.0 	 0.0 	 0.0 	 0.0 	 0.0	 0.0   	 0.0  	 0.0 	 0.0 	 0.0 	 0.0 	 0.0 	 0.0 	 0.0 
-0.01	-0.441673	 0.0 	0	0	 0.0 	0.005	1	1	 1.0e9 	 0.01 	 0.0 	 0.0 	 0.0 	 0.0 	 0.0	 0.0   	 0.0  	 0.0 	 0.0 	 0.0 	 0.0 	 0.0 	 0.0 	 0.0 
0	-0.441673	 0.0 	0	0	 0.0 	0.005	1	1	 1.0e9 	 0.01 	 0.0 	 0.0 	 0.0 	 0.0 	 0.0	 0.0   	 0.0  	 0.0 	 0.0 	 0.0 	 0.0 	 0.0 	 0.0 	 0.0 
0.01	-0.441673	 0.0 	0	0	 0.0 	0.005	1	1	 1.0e9 	 0.01 	 0.0 	 0.0 	 0.0 	 0.0 	 0.0	 0.0   	 0.0  	 0.0 	 0.0 	 0.0 	 0.0 	 0.0 	 0.0 	 0.0 
0.02	-0.441673	 0.0 	0	0	 0.0 	0.005	1	1	 1.0e9 	 0.01 	 0.0 	 0.0 	 0.0 	 0.0 	 0.0	 0.0   	 0.0  	 0.0 	 0.0 	 0.0 	 0.0 	 0.0 	 0.0 	 0.0 
0.03	-0.441673	 0.0 	0	0	 0.0 	0.005	1	1	 1.0e9 	 0.01 	 0.0 	 0.0 	 0.0 	 0.0 	 0.0	 0.0   	 0.0  	 0.0 	 0.0 	 0.0 	 0.0 	 0.0 	 0.0 	 0.0 
0.04	-0.441673	 0.0 	0	0	 0.0 	0.005	1	1	 1.0e9 	 0.01 	 0.0 	 0.0 	 0.0 	 0.0 	 0.0	 0.0   	 0.0  	 0.0 	 0.0 	 0.0 	 0.0 	 0.0 	 0.0 	 0.0 
0.05	-0.441673	 0.0 	0	0	 0.0 	0.005	1	1	 1.0e9 	 0.01 	 0.0 	 0.0 	 0.0 	 0.0 	 0.0	 0.0   	 0.0  	 0.0 	 0.0 	 0.0 	 0.0 	 0.0 	 0.0 	 0.0 
0.06	-0.441673	 0.0 	0	0	 0.0 	0.005	1	1	 1.0e9 	 0.01 	 0.0 	 0.0 	 0.0 	 0.0 	 0.0	 0.0   	 0.0  	 0.0 	 0.0 	 0.0 	 0.0 	 0.0 	 0.0 	 0.0 
0.07	-0.441673	 0.0 	0	0	 0.0 	0.005	1	1	 1.0e9 	 0.01 	 0.0 	 0.0 	 0.0 	 0.0 	 0.0	 0.0   	 0.0  	 0.0 	 0.0 	 0.0 	 0.0 	 0.0 	 0.0 	 0.0 
0.08	-0.441673	 0.0 	0	0	 0.0 	0.005	1	1	 1.0e9 	 0.01 	 0.0 	 0.0 	 0.0 	 0.0 	 0.0	 0.0   	 0.0  	 0.0 	 0.0 	 0.0 	 0.0 	 0.0 	 0.0 	 0.0 
0.09	-0.441673	 0.0 	0	0	 0.0 	0.005	1	1	 1.0e9 	 0.01 	 0.0 	 0.0 	 0.0 	 0.0 	 0.0	 0.0   	 0.0  	 0.0 	 0.0 	 0.0 	 0.0 	 0.0 	 0.0 	 0.0 
0.1	-0.441673	 0.0 	0	0	 0.0 	0.005	1	1	 1.0e9 	 0.01 	 0.0 	 0.0 	 0.0 	 0.0 	 0.0	 0.0   	 0.0  	 0.0 	 0.0 	 0.0 	 0.0 	 0.0 	 0.0 	 0.0 
0.11	-0.441673	 0.0 	0	0	 0.0 	0.005	1	1	 1.0e9 	 0.01 	 0.0 	 0.0 	 0.0 	 0.0 	 0.0	 0.0   	 0.0  	 0.0 	 0.0 	 0.0 	 0.0 	 0.0 	 0.0 	 0.0 
0.12	-0.441673	 0.0 	0	0	 0.0 	0.005	1	1	 1.0e9 	 0.01 	 0.0 	 0.0 	 0.0 	 0.0 	 0.0	 0.0   	 0.0  	 0.0 	 0.0 	 0.0 	 0.0 	 0.0 	 0.0 	 0.0 
0.13	-0.441673	 0.0 	0	0	 0.0 	0.005	1	1	 1.0e9 	 0.01 	 0.0 	 0.0 	 0.0 	 0.0 	 0.0	 0.0   	 0.0  	 0.0 	 0.0 	 0.0 	 0.0 	 0.0 	 0.0 	 0.0 
0.14	-0.441673	 0.0 	0	0	 0.0 	0.005	1	1	 1.0e9 	 0.01 	 0.0 	 0.0 	 0.0 	 0.0 	 0.0	 0.0   	 0.0  	 0.0 	 0.0 	 0.0 	 0.0 	 0.0 	 0.0 	 0.0 
0.15	-0.441673	 0.0 	0	0	 0.0 	0.005	1	1	 1.0e9 	 0.01 	 0.0 	 0.0 	 0.0 	 0.0 	 0.0	 0.0   	 0.0  	 0.0 	 0.0 	 0.0 	 0.0 	 0.0 	 0.0 	 0.0 
0.16	-0.441673	 0.0 	0	0	 0.0 	0.005	1	1	 1.0e9 	 0.01 	 0.0 	 0.0 	 0.0 	 0.0 	 0.0	 0.0   	 0.0  	 0.0 	 0.0 	 0.0 	 0.0 	 0.0 	 0.0 	 0.0 
0.17	-0.441673	 0.0 	0	0	 0.0 	0.005	1	1	 1.0e9 	 0.01 	 0.0 	 0.0 	 0.0 	 0.0 	 0.0	 0.0   	 0.0  	 0.0 	 0.0 	 0.0 	 0.0 	 0.0 	 0.0 	 0.0 
0.18	-0.441673	 0.0 	0	0	 0.0 	0.005	1	1	 1.0e9 	 0.01 	 0.0 	 0.0 	 0.0 	 0.0 	 0.0	 0.0   	 0.0  	 0.0 	 0.0 	 0.0 	 0.0 	 0.0 	 0.0 	 0.0 
0.19	-0.441673	 0.0 	0	0	 0.0 	0.005	1	1	 1.0e9 	 0.01 	 0.0 	 0.0 	 0.0 	 0.0 	 0.0	 0.0   	 0.0  	 0.0 	 0.0 	 0.0 	 0.0 	 0.0 	 0.0 	 0.0 
0.2	-0.441673	 0.0 	0	0	 0.0 	0.005	1	1	 1.0e9 	 0.01 	 0.0 	 0.0 	 0.0 	 0.0 	 0.0	 0.0   	 0.0  	 0.0 	 0.0 	 0.0 	 0.0 	 0.0 	 0.0 	 0.0 
0.21	-0.441673	 0.0 	0	0	 0.0 	0.005	1	1	 1.0e9 	 0.01 	 0.0 	 0.0 	 0.0 	 0.0 	 0.0	 0.0   	 0.0  	 0.0 	 0.0 	 0.0 	 0.0 	 0.0 	 0.0 	 0.0 
0.22	-0.441673	 0.0 	0	0	 0.0 	0.005	1	1	 1.0e9 	 0.01 	 0.0 	 0.0 	 0.0 	 0.0 	 0.0	 0.0   	 0.0  	 0.0 	 0.0 	 0.0 	 0.0 	 0.0 	 0.0 	 0.0 
0.23	-0.441673	 0.0 	0	0	 0.0 	0.005	1	1	 1.0e9 	 0.01 	 0.0 	 0.0 	 0.0 	 0.0 	 0.0	 0.0   	 0.0  	 0.0 	 0.0 	 0.0 	 0.0 	 0.0 	 0.0 	 0.0 
0.24	-0.441673	 0.0 	0	0	 0.0 	0.005	1	1	 1.0e9 	 0.01 	 0.0 	 0.0 	 0.0 	 0.0 	 0.0	 0.0   	 0.0  	 0.0 	 0.0 	 0.0 	 0.0 	 0.0 	 0.0 	 0.0 
0.25	-0.441673	 0.0 	0	0	 0.0 	0.005	1	1	 1.0e9 	 0.01 	 0.0 	 0.0 	 0.0 	 0.0 	 0.0	 0.0   	 0.0  	 0.0 	 0.0 	 0.0 	 0.0 	 0.0 	 0.0 	 0.0 
0.26	-0.441673	 0.0 	0	0	 0.0 	0.005	1	1	 1.0e9 	 0.01 	 0.0 	 0.0 	 0.0 	 0.0 	 0.0	 0.0   	 0.0  	 0.0 	 0.0 	 0.0 	 0.0 	 0.0 	 0.0 	 0.0 
-0.0362076	0.0600881	 0.0 	-2.16797e-12	-1.57106e-12	 0.0 	0.004	0.444444	0	 1.0e9 	 0.01 	 0.0 	 0.0 	 0.0 	 0.0 	 0.0	 0.0   	 0.0  	 0.0 	 0.0 	 0.0 	 0.0 	 0.0 	 0.0 	 0.0 
-0.0391605	0.0674554	 0.0 	7.52322e-13	3.27294e-12	 0.0 	0.00400131	0.444737	0	 1.0e9 	 0.01 	 0.0 	 0.0 	 0.0 	 0.0 	 0.0	 0.0   	 0.0  	 0.0 	 0.0 	 0.0 	 0.0 	 0.0 	 0.0 	 0.0 
-0.0427783	0.074599	 0.0 	2.6278e-12	2.592e-12	 0.0 	0.00405629	0.457041	0	 1.0e9 	 0.01 	 0.0 	 0.0 	 0.0 	 0.0 	 0.0	 0.0   	 0.0  	 0.0 	 0.0 	 0.0 	 0.0 	 0.0 	 0.0 	 0.0 
-0.0468312	0.0817596	 0.0 	4.57883e-13	4.28703e-12	 0.0 	0.00425026	0.501797	0	 1.0e9 	 0.01 	 0.0 	 0.0 	 0.0 	 0.0 	 0.0	 0.0   	 0.0  	 0.0 	 0.0 	 0.0 	 0.0 	 0.0 	 0.0 	 0.0 
-0.0509444	0.0894068	 0.0 	2.46056e-12	1.59775e-13	 0.0 	0.00455339	0.575927	0	 1.0e9 	 0.01 	 0.0 	 0.0 	 0.0 	 0.0 	 0.0	 0.0   	 0.0  	 0.0 	 0.0 	 0.0 	 0.0 	 0.0 	 0.0 	 0.0 
-0.0560566	0.0962799	 0.0 	5.15307e-13	-3.76887e-12	 0.0 	0.0041256	0.472793	0	 1.0e9 	 0.01 	 0.0 	 0.0 	 0.0 	 0.0 	 0.0	 0.0   	 0.0  	 0.0 	 0.0 	 0.0 	 0.0 	 0.0 	 0.0 	 0.0 
-0.0479501	0.108885	 0.0 	3.17938e-12	-4.75098e-12	 0.0 	0.00412697	0.473108	0	 1.0e9 	 0.01 	 0.0 	 0.0 	 0.0 	 0.0 	 0.0	 0.0   	 0.0  	 0.0 	 0.0 	 0.0 	 0.0 	 0.0 	 0.0 	 0.0 
-0.055965	0.105104	 0.0 	3.46852e-12	1.02219e-12	 0.0 	0.00477558	0.633505	0	 1.0e9 	 0.01 	 0.0 	 0.0 	 0.0 	 0.0 	 0.0	 0.0   	 0.0  	 0.0 	 0.0 	 0.0 	 0.0 	 0.0 	 0.0 	 0.0 
-0.0633904	0.111161	 0.0 	-1.65461e-12	2.42516e-12	 0.0 	0.00485192	0.653919	0	 1.0e9 	 0.01 	 0.0 	 0.0 	 0.0 	 0.0 	 0.0	 0.0   	 0.0  	 0.0 	 0.0 	 0.0 	 0.0 	 0.0 	 0.0 	 0.0 
-0.0681418	0.119427	 0.0 	-2.15045e-12	2.13728e-12	 0.0 	0.00471408	0.617293	0	 1.0e9 	 0.01 	 0.0 	 0.0 	 0.0 	 0.0 	 0.0	 0.0   	 0.0  	 0.0 	 0.0 	 0.0 	 0.0 	 0.0 	 0.0 	 0.0 
-0.0258827	0.0444689	 0.0 	-1.94317e-13	-1.85424e-12	 0.0 	0.00433711	0.522514	0	 1.0e9 	 0.01 	 0.0 	 0.0 	 0.0 	 0.0 	 0.0	 0.0   	 0.0  	 0.0 	 0.0 	 0.0 	 0.0 	 0.0 	 0.0 	 0.0 
-0.0297171	0.0533373	 0.0 	-3.14837e-13	-8.86272e-13	 0.0 	0.00553325	0.850468	0	 1.0e9 	 0.01 	 0.0 	 0.0 	 0.0 	 0.0 	 0.0	 0.0   	 0.0  	 0.0 	 0.0 	 0.0 	 0.0 	 0.0 	 0.0 	 0.0 
-0.0283707	0.0657432	 0.0 	-8.0861e-13	6.55158e-13	 0.0 	0.00580195	0.935074	0	 1.0e9 	 0.01 	 0.0 	 0.0 	 0.0 	 0.0 	 0.0	 0.0   	 0.0  	 0.0 	 0.0 	 0.0 	 0.0 	 0.0 	 0.0 	 0.0 
-0.03388	0.074817	 0.0 	2.03591e-12	5.14471e-12	 0.0 	0.00493433	0.676323	0	 1.0e9 	 0.01 	 0.0 	 0.0 	 0.0 	 0.0 	 0.0	 0.0   	 0.0  	 0.0 	 0.0 	 0.0 	 0.0 	 0.0 	 0.0 	 0.0 
-0.0380986	0.0836026	 0.0 	-2.27388e-12	3.46451e-13	 0.0 	0.00491017	0.669717	0	 1.0e9 	 0.01 	 0.0 	 0.0 	 0.0 	 0.0 	 0.0	 0.0   	 0.0  	 0.0 	 0.0 	 0.0 	 0.0 	 0.0 	 0.0 	 0.0 
-0.0426101	0.0912728	 0.0 	1.45044e-12	5.16342e-12	 0.0 	0.00406894	0.459897	0	 1.0e9 	 0.01 	 0.0 	 0.0 	 0.0 	 0.0 	 0.0	 0.0   	 0.0  	 0.0 	 0.0 	 0.0 	 0.0 	 0.0 	 0.0 	 0.0 
-0.0471873	0.0994554	 0.0 	-2.22316e-12	-3.93054e-12	 0.0 	0.00537406	0.802237	0	 1.0e9 	 0.01 	 0.0 	 0.0 	 0.0 	 0.0 	 0.0	 0.0   	 0.0  	 0.0 	 0.0 	 0.0 	 0.0 	 0.0 	 0.0 	 0.0 
-0.0401279	0.110996	 0.0 	2.04736e-12	-1.04891e-12	 0.0 	0.00402538	0.450102	0	 1.0e9 	 0.01 	 0.0 	 0.0 	 0.0 	 0.0 	 0.0	 0.0   	 0.0  	 0.0 	 0.0 	 0.0 	 0.0 	 0.0 	 0.0 	 0.0 
-0.0238947	0.11168	 0.0 	1.73431e-12	2.40257e-12	 0.0 	0.00436738	0.529835	0	 1.0e9 	 0.01 	 0.0 	 0.0 	 0.0 	 0.0 	 0.0	 0.0   	 0.0  	 0.0 	 0.0 	 0.0 	 0.0 	 0.0 	 0.0 	 0.0 
-0.0546323	0.114202	 0.0 	8.44662e-13	1.16366e-12	 0.0 	0.00444148	0.547965	0	 1.0e9 	 0.01 	 0.0 	 0.0 	 0.0 	 0.0 	 0.0	 0.0   	 0.0  	 0.0 	 0.0 	 0.0 	 0.0 	 0.0 	 0.0 	 0.0 
-0.0149354	0.0286685	 0.0 	-2.42308e-13	-6.35224e-13	 0.0 	0.00564967	0.886631	0	 1.0e9 	 0.01 	 0.0 	 0.0 	 0.0 	 0.0 	 0.0	 0.0   	 0.0  	 0.0 	 0.0 	 0.0 	 0.0 	 0.0 	 0.0 	 0.0 
-0.0205722	0.0372587	 0.0 	1.13683e-12	-2.37393e-12	 0.0 	0.00486136	0.656468	0	 1.0e9 	 0.01 	 0.0 	 0.0 	 0.0 	 0.0 	 0.0	 0.0   	 0.0  	 0.0 	 0.0 	 0.0 	 0.0 	 0.0 	 0.0 	 0.0 
-0.0197467	0.0582667	 0.0 	1.56848e-12	-1.41448e-12	 0.0 	0.00576995	0.924788	0	 1.0e9 	 0.01 	 0.0 	 0.0 	 0.0 	 0.0 	 0.0	 0.0   	 0.0  	 0.0 	 0.0 	 0.0 	 0.0 	 0.0 	 0.0 	 0.0 
-0.0167052	0.0683684	 0.0 	1.27136e-12	-3.82736e-12	 0.0 	0.00482981	0.647975	0	 1.0e9 	 0.01 	 0.0 	 0.0 	 0.0 	 0.0 	 0.0	 0.0   	 0.0  	 0.0 	 0.0 	 0.0 	 0.0 	 0.0 	 0.0 	 0.0 
-0.0235813	0.0758621	 0.0 	-7.07439e-13	-8.71206e-13	 0.0 	0.00548053	0.834338	0	 1.0e9 	 0.01 	 0.0 	 0.0 	 0.0 	 0.0 	 0.0	 0.0   	 0.0  	 0.0 	 0.0 	 0.0 	 0.0 	 0.0 	 0.0 	 0.0 
-0.0291321	0.0837433	 0.0 	-7.59767e-15	-2.21752e-12	 0.0 	0.00426806	0.50601	0	 1.0e9 	 0.01 	 0.0 	 0.0 	 0.0 	 0.0 	 0.0	 0.0   	 0.0  	 0.0 	 0.0 	 0.0 	 0.0 	 0.0 	 0.0 	 0.0 
-0.0330596	0.0928185	 0.0 	-5.5521e-13	-4.17258e-12	 0.0 	0.00567729	0.895322	0	 1.0e9 	 0.01 	 0.0 	 0.0 	 0.0 	 0.0 	 0.0	 0.0   	 0.0  	 0.0 	 0.0 	 0.0 	 0.0 	 0.0 	 0.0 	 0.0 
-0.0373842	0.102476	 0.0 	-1.89165e-12	-2.40956e-12	 0.0 	0.00493952	0.677746	0	 1.0e9 	 0.01 	 0.0 	 0.0 	 0.0 	 0.0 	 0.0	 0.0   	 0.0  	 0.0 	 0.0 	 0.0 	 0.0 	 0.0 	 0.0 	 0.0 
-0.0321299	0.109828	 0.0 	1.42845e-12	-4.955e-12	 0.0 	0.00410505	0.468096	0	 1.0e9 	 0.01 	 0.0 	 0.0 	 0.0 	 0.0 	 0.0	 0.0   	 0.0  	 0.0 	 0.0 	 0.0 	 0.0 	 0.0 	 0.0 	 0.0 
-0.0104659	0.112685	 0.0 	8.5472e-13	-6.81659e-12	 0.0 	0.00549268	0.838042	0	 1.0e9 	 0.01 	 0.0 	 0.0 	 0.0 	 0.0 	 0.0	 0.0   	 0.0  	 0.0 	 0.0 	 0.0 	 0.0 	 0.0 	 0.0 	 0.0 
-0.00937212	0.0187753	 0.0 	-1.17829e-13	-3.72751e-13	 0.0 	0.00595501	0.985061	0	 1.0e9 	 0.01 	 0.0 	 0.0 	 0.0 	 0.0 	 0.0	 0.0   	 0.0  	 0.0 	 0.0 	 0.0 	 0.0 	 0.0 	 0.0 	 0.0 
-0.0056543	0.031073	 0.0 	1.66833e-13	3.65877e-14	 0.0 	0.00416428	0.481702	0	 1.0e9 	 0.01 	 0.0 	 0.0 	 0.0 	 0.0 	 0.0	 0.0   	 0.0  	 0.0 	 0.0 	 0.0 	 0.0 	 0.0 	 0.0 	 0.0 
-0.0163902	0.0474632	 0.0 	-1.6377e-14	-1.76165e-12	 0.0 	0.00569775	0.901788	0	 1.0e9 	 0.01 	 0.0 	 0.0 	 0.0 	 0.0 	 0.0	 0.0   	 0.0  	 0.0 	 0.0 	 0.0 	 0.0 	 0.0 	 0.0 	 0.0 
-0.00927129	0.061523	 0.0 	8.40343e-13	3.44926e-12	 0.0 	0.00541634	0.814911	0	 1.0e9 	 0.01 	 0.0 	 0.0 	 0.0 	 0.0 	 0.0	 0.0   	 0.0  	 0.0 	 0.0 	 0.0 	 0.0 	 0.0 	 0.0 	 0.0 
-0.0141834	0.0777628	 0.0 	-8.66282e-13	-2.46524e-12	 0.0 	0.00413924	0.475925	0	 1.0e9 	 0.01 	 0.0 	 0.0 	 0.0 	 0.0 	 0.0	 0.0   	 0.0  	 0.0 	 0.0 	 0.0 	 0.0 	 0.0 	 0.0 	 0.0 
-0.0130761	0.0864452	 0.0 	7.53006e-13	5.16069e-13	 0.0 	0.0043689	0.530201	0	 1.0e9 	 0.01 	 0.0 	 0.0 	 0.0 	 0.0 	 0.0	 0.0   	 0.0  	 0.0 	 0.0 	 0.0 	 0.0 	 0.0 	 0.0 	 0.0 
-0.0211229	0.0849522	 0.0 	1.39675e-12	8.55381e-13	 0.0 	0.00402663	0.450382	0	 1.0e9 	 0.01 	 0.0 	 0.0 	 0.0 	 0.0 	 0.0	 0.0   	 0.0  	 0.0 	 0.0 	 0.0 	 0.0 	 0.0 	 0.0 	 0.0 
-0.0228796	0.093308	 0.0 	-1.70805e-12	3.61018e-12	 0.0 	0.00457732	0.581996	0	 1.0e9 	 0.01 	 0.0 	 0.0 	 0.0 	 0.0 	 0.0	 0.0   	 0.0  	 0.0 	 0.0 	 0.0 	 0.0 	 0.0 	 0.0 	 0.0 
-0.0273354	0.101941	 0.0 	1.32962e-13	-4.01868e-12	 0.0 	0.00516991	0.742444	0	 1.0e9 	 0.01 	 0.0 	 0.0 	 0.0 	 0.0 	 0.0	 0.0   	 0.0  	 0.0 	 0.0 	 0.0 	 0.0 	 0.0 	 0.0 	 0.0 
-0.017452	0.104694	 0.0 	1.5708e-12	2.82529e-12	 0.0 	0.00517447	0.743755	0	 1.0e9 	 0.01 	 0.0 	 0.0 	 0.0 	 0.0 	 0.0	 0.0   	 0.0  	 0.0 	 0.0 	 0.0 	 0.0 	 0.0 	 0.0 	 0.0 
-0.00502443	0.00870418	 0.0 	5.64437e-14	-3.62383e-13	 0.0 	0.00533976	0.792028	0	 1.0e9 	 0.01 	 0.0 	 0.0 	 0.0 	 0.0 	 0.0	 0.0   	 0.0  	 0.0 	 0.0 	 0.0 	 0.0 	 0.0 	 0.0 	 0.0 
0.000219117	0.0161272	 0.0 	1.16022e-14	-8.25477e-13	 0.0 	0.00400832	0.446296	0	 1.0e9 	 0.01 	 0.0 	 0.0 	 0.0 	 0.0 	 0.0	 0.0   	 0.0  	 0.0 	 0.0 	 0.0 	 0.0 	 0.0 	 0.0 	 0.0 
-0.0108201	0.0384797	 0.0 	4.40815e-13	-2.11335e-12	 0.0 	0.00505137	0.708787	0	 1.0e9 	 0.01 	 0.0 	 0.0 	 0.0 	 0.0 	 0.0	 0.0   	 0.0  	 0.0 	 0.0 	 0.0 	 0.0 	 0.0 	 0.0 	 0.0 
-0.00643094	0.0465663	 0.0 	-4.27059e-13	-1.44696e-12	 0.0 	0.00417604	0.484425	0	 1.0e9 	 0.01 	 0.0 	 0.0 	 0.0 	 0.0 	 0.0	 0.0   	 0.0  	 0.0 	 0.0 	 0.0 	 0.0 	 0.0 	 0.0 	 0.0 
-0.00739622	0.0716449	 0.0 	3.97327e-13	8.57333e-13	 0.0 	0.00503683	0.704713	0	 1.0e9 	 0.01 	 0.0 	 0.0 	 0.0 	 0.0 	 0.0	 0.0   	 0.0  	 0.0 	 0.0 	 0.0 	 0.0 	 0.0 	 0.0 	 0.0 
-0.00481895	0.0816022	 0.0 	2.87415e-13	4.55048e-13	 0.0 	0.00538341	0.80503	0	 1.0e9 	 0.01 	 0.0 	 0.0 	 0.0 	 0.0 	 0.0	 0.0   	 0.0  	 0.0 	 0.0 	 0.0 	 0.0 	 0.0 	 0.0 	 0.0 
-0.00593186	0.0911088	 0.0 	-4.21138e-13	-2.18588e-12	 0.0 	0.0042652	0.505332	0	 1.0e9 	 0.01 	 0.0 	 0.0 	 0.0 	 0.0 	 0.0	 0.0   	 0.0  	 0.0 	 0.0 	 0.0 	 0.0 	 0.0 	 0.0 	 0.0 
-0.0138283	0.095475	 0.0 	-8.50745e-13	-7.35976e-13	 0.0 	0.00479371	0.638325	0	 1.0e9 	 0.01 	 0.0 	 0.0 	 0.0 	 0.0 	 0.0	 0.0   	 0.0  	 0.0 	 0.0 	 0.0 	 0.0 	 0.0 	 0.0 	 0.0 
-0.00770595	0.102788	 0.0 	5.01713e-15	-6.82862e-12	 0.0 	0.00481831	0.644892	0	 1.0e9 	 0.01 	 0.0 	 0.0 	 0.0 	 0.0 	 0.0	 0.0   	 0.0  	 0.0 	 0.0 	 0.0 	 0.0 	 0.0 	 0.0 	 0.0 
-0.00311038	0.119343	 0.0 	-2.16755e-13	-5.06393e-12	 0.0 	0.00447084	0.555233	0	 1.0e9 	 0.01 	 0.0 	 0.0 	 0.0 	 0.0 	 0.0	 0.0   	 0.0  	 0.0 	 0.0 	 0.0 	 0.0 	 0.0 	 0.0 	 0.0 
0.00515968	0.00866587	 0.0 	1.30494e-13	-5.36361e-13	 0.0 	0.00522126	0.757264	0	 1.0e9 	 0.01 	 0.0 	 0.0 	 0.0 	 0.0 	 0.0	 0.0   	 0.0  	 0.0 	 0.0 	 0.0 	 0.0 	 0.0 	 0.0 	 0.0 
-0.000690483	0.0242679	 0.0 	4.57101e-14	-3.14611e-14	 0.0 	0.00455797	0.577085	0	 1.0e9 	 0.01 	 0.0 	 0.0 	 0.0 	 0.0 	 0.0	 0.0   	 0.0  	 0.0 	 0.0 	 0.0 	 0.0 	 0.0 	 0.0 	 0.0 
-0.000216133	0.0389824	 0.0 	-1.08115e-14	-2.36823e-13	 0.0 	0.00565055	0.886908	0	 1.0e9 	 0.01 	 0.0 	 0.0 	 0.0 	 0.0 	 0.0	 0.0   	 0.0  	 0.0 	 0.0 	 0.0 	 0.0 	 0.0 	 0.0 	 0.0 
-0.00138875	0.055858	 0.0 	7.90068e-14	2.96982e-12	 0.0 	0.00456446	0.578731	0	 1.0e9 	 0.01 	 0.0 	 0.0 	 0.0 	 0.0 	 0.0	 0.0   	 0.0  	 0.0 	 0.0 	 0.0 	 0.0 	 0.0 	 0.0 	 0.0 
0.000320005	0.0650152	 0.0 	-6.81911e-15	-1.01628e-12	 0.0 	0.00484898	0.653128	0	 1.0e9 	 0.01 	 0.0 	 0.0 	 0.0 	 0.0 	 0.0	 0.0   	 0.0  	 0.0 	 0.0 	 0.0 	 0.0 	 0.0 	 0.0 	 0.0 
0.00190497	0.0743041	 0.0 	6.80064e-14	-2.12727e-12	 0.0 	0.00466533	0.604592	0	 1.0e9 	 0.01 	 0.0 	 0.0 	 0.0 	 0.0 	 0.0	 0.0   	 0.0  	 0.0 	 0.0 	 0.0 	 0.0 	 0.0 	 0.0 	 0.0 
0.00498056	0.0841691	 0.0 	3.01466e-13	6.70494e-12	 0.0 	0.00488349	0.662459	0	 1.0e9 	 0.01 	 0.0 	 0.0 	 0.0 	 0.0 	 0.0	 0.0   	 0.0  	 0.0 	 0.0 	 0.0 	 0.0 	 0.0 	 0.0 	 0.0 
0.000714773	0.0976007	 0.0 	1.89431e-14	-5.07631e-13	 0.0 	0.00514575	0.735521	0	 1.0e9 	 0.01 	 0.0 	 0.0 	 0.0 	 0.0 	 0.0	 0.0   	 0.0  	 0.0 	 0.0 	 0.0 	 0.0 	 0.0 	 0.0 	 0.0 
0.00873831	0.102295	 0.0 	3.35611e-13	-3.96788e-12	 0.0 	0.00424199	0.499848	0	 1.0e9 	 0.01 	 0.0 	 0.0 	 0.0 	 0.0 	 0.0	 0.0   	 0.0  	 0.0 	 0.0 	 0.0 	 0.0 	 0.0 	 0.0 	 0.0 
0.0010259	0.108232	 0.0 	-9.308e-14	3.68981e-13	 0.0 	0.00553194	0.850066	0	 1.0e9 	 0.01 	 0.0 	 0.0 	 0.0 	 0.0 	 0.0	 0.0   	 0.0  	 0.0 	 0.0 	 0.0 	 0.0 	 0.0 	 0.0 	 0.0 
0.00948031	0.0184342	 0.0 	-2.17428e-13	-3.48239e-13	 0.0 	0.00561247	0.874996	0	 1.0e9 	 0.01 	 0.0 	 0.0 	 0.0 	 0.0 	 0.0	 0.0   	 0.0  	 0.0 	 0.0 	 0.0 	 0.0 	 0.0 	 0.0 	 0.0 
0.00655906	0.0305159	 0.0 	4.09163e-13	1.71998e-12	 0.0 	0.00537929	0.803798	0	 1.0e9 	 0.01 	 0.0 	 0.0 	 0.0 	 0.0 	 0.0	 0.0   	 0.0  	 0.0 	 0.0 	 0.0 	 0.0 	 0.0 	 0.0 	 0.0 
0.00190789	0.04819	 0.0 	-1.06765e-13	2.63475e-13	 0.0 	0.00407136	0.460443	0	 1.0e9 	 0.01 	 0.0 	 0.0 	 0.0 	 0.0 	 0.0	 0.0   	 0.0  	 0.0 	 0.0 	 0.0 	 0.0 	 0.0 	 0.0 	 0.0 
0.0086485	0.0582715	 0.0 	8.37067e-13	3.43621e-12	 0.0 	0.00590182	0.967542	0	 1.0e9 	 0.01 	 0.0 	 0.0 	 0.0 	 0.0 	 0.0	 0.0   	 0.0  	 0.0 	 0.0 	 0.0 	 0.0 	 0.0 	 0.0 	 0.0 
0.00892307	0.0685566	 0.0 	8.12022e-13	9.60114e-14	 0.0 	0.0045016	0.562901	0	 1.0e9 	 0.01 	 0.0 	 0.0 	 0.0 	 0.0 	 0.0	 0.0   	 0.0  	 0.0 	 0.0 	 0.0 	 0.0 	 0.0 	 0.0 	 0.0 
0.0101923	0.076971	 0.0 	8.47964e-13	1.5243e-12	 0.0 	0.00411254	0.469806	0	 1.0e9 	 0.01 	 0.0 	 0.0 	 0.0 	 0.0 	 0.0	 0.0   	 0.0  	 0.0 	 0.0 	 0.0 	 0.0 	 0.0 	 0.0 	 0.0 
0.00870502	0.0925513	 0.0 	5.05767e-13	5.60838e-12	 0.0 	0.00439611	0.536828	0	 1.0e9 	 0.01 	 0.0 	 0.0 	 0.0 	 0.0 	 0.0	 0.0   	 0.0  	 0.0 	 0.0 	 0.0 	 0.0 	 0.0 	 0.0 	 0.0 
0.0154691	0.0975109	 0.0 	2.51836e-13	6.77815e-12	 0.0 	0.00410153	0.467293	0	 1.0e9 	 0.01 	 0.0 	 0.0 	 0.0 	 0.0 	 0.0	 0.0   	 0.0  	 0.0 	 0.0 	 0.0 	 0.0 	 0.0 	 0.0 	 0.0 
0.0140229	0.109987	 0.0 	-2.88613e-13	-5.72658e-12	 0.0 	0.00516401	0.740751	0	 1.0e9 	 0.01 	 0.0 	 0.0 	 0.0 	 0.0 	 0.0	 0.0   	 0.0  	 0.0 	 0.0 	 0.0 	 0.0 	 0.0 	 0.0 	 0.0 
0.00665673	0.117633	 0.0 	-4.33436e-13	-6.32886e-12	 0.0 	0.00547985	0.834132	0	 1.0e9 	 0.01 	 0.0 	 0.0 	 0.0 	 0.0 	 0.0	 0.0   	 0.0  	 0.0 	 0.0 	 0.0 	 0.0 	 0.0 	 0.0 	 0.0 
0.0155887	0.0265851	 0.0 	5.23024e-13	-5.942e-13	 0.0 	0.00473226	0.622062	0	 1.0e9 	 0.01 	 0.0 	 0.0 	 0.0 	 0.0 	 0.0	 0.0   	 0.0  	 0.0 	 0.0 	 0.0 	 0.0 	 0.0 	 0.0 	 0.0 
0.0127261	0.0384257	 0.0 	8.10902e-13	1.68315e-12	 0.0 	0.00493662	0.676949	0	 1.0e9 	 0.01 	 0.0 	 0.0 	 0.0 	 0.0 	 0.0	 0.0   	 0.0  	 0.0 	 0.0 	 0.0 	 0.0 	 0.0 	 0.0 	 0.0 
0.01059	0.047857	 0.0 	-2.18536e-13	1.89602e-12	 0.0 	0.00482354	0.646294	0	 1.0e9 	 0.01 	 0.0 	 0.0 	 0.0 	 0.0 	 0.0	 0.0   	 0.0  	 0.0 	 0.0 	 0.0 	 0.0 	 0.0 	 0.0 	 0.0 
0.0174069	0.0645681	 0.0 	1.70285e-12	2.30783e-12	 0.0 	0.00497205	0.686703	0	 1.0e9 	 0.01 	 0.0 	 0.0 	 0.0 	 0.0 	 0.0	 0.0   	 0.0  	 0.0 	 0.0 	 0.0 	 0.0 	 0.0 	 0.0 	 0.0 
0.0191798	0.0745457	 0.0 	1.70976e-12	4.19153e-12	 0.0 	0.00530682	0.782287	0	 1.0e9 	 0.01 	 0.0 	 0.0 	 0.0 	 0.0 	 0.0	 0.0   	 0.0  	 0.0 	 0.0 	 0.0 	 0.0 	 0.0 	 0.0 	 0.0 
0.0153944	0.0851466	 0.0 	7.61666e-13	-3.49513e-12	 0.0 	0.00563827	0.883059	0	 1.0e9 	 0.01 	 0.0 	 0.0 	 0.0 	 0.0 	 0.0	 0.0   	 0.0  	 0.0 	 0.0 	 0.0 	 0.0 	 0.0 	 0.0 	 0.0 
0.0231769	0.0929515	 0.0 	1.39055e-12	-2.65428e-12	 0.0 	0.00495452	0.681868	0	 1.0e9 	 0.01 	 0.0 	 0.0 	 0.0 	 0.0 	 0.0	 0.0   	 0.0  	 0.0 	 0.0 	 0.0 	 0.0 	 0.0 	 0.0 	 0.0 
0.0231474	0.103775	 0.0 	3.77666e-13	-4.4386e-12	 0.0 	0.00589595	0.965616	0	 1.0e9 	 0.01 	 0.0 	 0.0 	 0.0 	 0.0 	 0.0	 0.0   	 0.0  	 0.0 	 0.0 	 0.0 	 0.0 	 0.0 	 0.0 	 0.0 
0.0227035	0.11411	 0.0 	9.59514e-13	-4.80692e-12	 0.0 	0.00450033	0.562583	0	 1.0e9 	 0.01 	 0.0 	 0.0 	 0.0 	 0.0 	 0.0	 0.0   	 0.0  	 0.0 	 0.0 	 0.0 	 0.0 	 0.0 	 0.0 	 0.0 
0.0162769	0.120488	 0.0 	-1.78557e-13	5.41409e-12	 0.0 	0.00460269	0.588465	0	 1.0e9 	 0.01 	 0.0 	 0.0 	 0.0 	 0.0 	 0.0	 0.0   	 0.0  	 0.0 	 0.0 	 0.0 	 0.0 	 0.0 	 0.0 	 0.0 
0.0207932	0.0341515	 0.0 	3.0788e-13	1.79087e-12	 0.0 	0.00425069	0.501899	0	 1.0e9 	 0.01 	 0.0 	 0.0 	 0.0 	 0.0 	 0.0	 0.0   	 0.0  	 0.0 	 0.0 	 0.0 	 0.0 	 0.0 	 0.0 	 0.0 
0.0188066	0.044823	 0.0 	-9.56836e-13	3.44131e-12	 0.0 	0.00415494	0.479542	0	 1.0e9 	 0.01 	 0.0 	 0.0 	 0.0 	 0.0 	 0.0	 0.0   	 0.0  	 0.0 	 0.0 	 0.0 	 0.0 	 0.0 	 0.0 	 0.0 
0.0193445	0.0543243	 0.0 	1.71007e-12	3.43887e-12	 0.0 	0.00558836	0.867495	0	 1.0e9 	 0.01 	 0.0 	 0.0 	 0.0 	 0.0 	 0.0	 0.0   	 0.0  	 0.0 	 0.0 	 0.0 	 0.0 	 0.0 	 0.0 	 0.0 
0.029158	0.0705543	 0.0 	1.63687e-12	1.19012e-12	 0.0 	0.00548239	0.834904	0	 1.0e9 	 0.01 	 0.0 	 0.0 	 0.0 	 0.0 	 0.0	 0.0   	 0.0  	 0.0 	 0.0 	 0.0 	 0.0 	 0.0 	 0.0 	 0.0 
0.0265501	0.0827628	 0.0 	1.65179e-12	5.35462e-13	 0.0 	0.00586765	0.956369	0	 1.0e9 	 0.01 	 0.0 	 0.0 	 0.0 	 0.0 	 0.0	 0.0   	 0.0  	 0.0 	 0.0 	 0.0 	 0.0 	 0.0 	 0.0 	 0.0 
0.0337235	0.0917525	 0.0 	3.14892e-12	6.87928e-12	 0.0 	0.00572596	0.910741	0	 1.0e9 	 0.01 	 0.0 	 0.0 	 0.0 	 0.0 	 0.0	 0.0   	 0.0  	 0.0 	 0.0 	 0.0 	 0.0 	 0.0 	 0.0 	 0.0 
0.0328977	0.101523	 0.0 	2.15841e-12	6.85137e-12	 0.0 	0.00419421	0.488651	0	 1.0e9 	 0.01 	 0.0 	 0.0 	 0.0 	 0.0 	 0.0	 0.0   	 0.0  	 0.0 	 0.0 	 0.0 	 0.0 	 0.0 	 0.0 	 0.0 
0.0317383	0.110774	 0.0 	2.79775e-12	6.85998e-12	 0.0 	0.00518625	0.747143	0	 1.0e9 	 0.01 	 0.0 	 0.0 	 0.0 	 0.0 	 0.0	 0.0   	 0.0  	 0.0 	 0.0 	 0.0 	 0.0 	 0.0 	 0.0 	 0.0 
0.0279469	0.120964	 0.0 	1.40123e-12	-1.21627e-12	 0.0 	0.0041768	0.484602	0	 1.0e9 	 0.01 	 0.0 	 0.0 	 0.0 	 0.0 	 0.0	 0.0   	 0.0  	 0.0 	 0.0 	 0.0 	 0.0 	 0.0 	 0.0 	 0.0 
0.0221727	0.126724	 0.0 	5.90292e-14	1.08348e-12	 0.0 	0.00400546	0.445659	0	 1.0e9 	 0.01 	 0.0 	 0.0 	 0.0 	 0.0 	 0.0	 0.0   	 0.0  	 0.0 	 0.0 	 0.0 	 0.0 	 0.0 	 0.0 	 0.0 
0.02631	0.0426496	 0.0 	9.47072e-13	-1.50922e-12	 0.0 	0.00400067	0.444593	0	 1.0e9 	 0.01 	 0.0 	 0.0 	 0.0 	 0.0 	 0.0	 0.0   	 0.0  	 0.0 	 0.0 	 0.0 	 0.0 	 0.0 	 0.0 	 0.0 
0.0259924	0.0614221	 0.0 	1.50987e-12	3.43797e-12	 0.0 	0.00427495	0.507645	0	 1.0e9 	 0.01 	 0.0 	 0.0 	 0.0 	 0.0 	 0.0	 0.0   	 0.0  	 0.0 	 0.0 	 0.0 	 0.0 	 0.0 	 0.0 	 0.0 
0.0350347	0.060423	 0.0 	-2.02003e-12	-1.49759e-12	 0.0 	0.00497261	0.686857	0	 1.0e9 	 0.01 	 0.0 	 0.0 	 0.0 	 0.0 	 0.0	 0.0   	 0.0  	 0.0 	 0.0 	 0.0 	 0.0 	 0.0 	 0.0 	 0.0 
0.0357081	0.0780939	 0.0 	3.41429e-12	-4.62805e-12	 0.0 	0.00457136	0.580481	0	 1.0e9 	 0.01 	 0.0 	 0.0 	 0.0 	 0.0 	 0.0	 0.0   	 0.0  	 0.0 	 0.0 	 0.0 	 0.0 	 0.0 	 0.0 	 0.0 
0.0405869	0.0849885	 0.0 	2.9502e-12	1.10933e-12	 0.0 	0.00403604	0.452489	0	 1.0e9 	 0.01 	 0.0 	 0.0 	 0.0 	 0.0 	 0.0	 0.0   	 0.0  	 0.0 	 0.0 	 0.0 	 0.0 	 0.0 	 0.0 	 0.0 
0.0436604	0.0948762	 0.0 	3.25938e-12	6.64817e-12	 0.0 	0.00473329	0.622334	0	 1.0e9 	 0.01 	 0.0 	 0.0 	 0.0 	 0.0 	 0.0	 0.0   	 0.0  	 0.0 	 0.0 	 0.0 	 0.0 	 0.0 	 0.0 	 0.0 
0.0494117	0.10321	 0.0 	2.78963e-12	6.71457e-12	 0.0 	0.00541845	0.815543	0	 1.0e9 	 0.01 	 0.0 	 0.0 	 0.0 	 0.0 	 0.0	 0.0   	 0.0  	 0.0 	 0.0 	 0.0 	 0.0 	 0.0 	 0.0 	 0.0 
0.055929	0.110877	 0.0 	2.84464e-12	4.96642e-12	 0.0 	0.0046916	0.611419	0	 1.0e9 	 0.01 	 0.0 	 0.0 	 0.0 	 0.0 	 0.0	 0.0   	 0.0  	 0.0 	 0.0 	 0.0 	 0.0 	 0.0 	 0.0 	 0.0 
0.0400889	0.106107	 0.0 	2.65905e-12	6.66362e-12	 0.0 	0.00442462	0.543813	0	 1.0e9 	 0.01 	 0.0 	 0.0 	 0.0 	 0.0 	 0.0	 0.0   	 0.0  	 0.0 	 0.0 	 0.0 	 0.0 	 0.0 	 0.0 	 0.0 
0.0375995	0.119785	 0.0 	3.11756e-12	5.12092e-12	 0.0 	0.00559011	0.868038	0	 1.0e9 	 0.01 	 0.0 	 0.0 	 0.0 	 0.0 	 0.0	 0.0   	 0.0  	 0.0 	 0.0 	 0.0 	 0.0 	 0.0 	 0.0 	 0.0 
0.0292805	0.0512533	 0.0 	9.87271e-13	-1.50227e-12	 0.0 	0.00485039	0.653508	0	 1.0e9 	 0.01 	 0.0 	 0.0 	 0.0 	 0.0 	 0.0	 0.0   	 0.0  	 0.0 	 0.0 	 0.0 	 0.0 	 0.0 	 0.0 	 0.0 
0.0398218	0.0693461	 0.0 	-2.08398e-12	3.0087e-13	 0.0 	0.00528266	0.77518	0	 1.0e9 	 0.01 	 0.0 	 0.0 	 0.0 	 0.0 	 0.0	 0.0   	 0.0  	 0.0 	 0.0 	 0.0 	 0.0 	 0.0 	 0.0 	 0.0 
0.0452271	0.0773376	 0.0 	1.73098e-12	-2.25065e-12	 0.0 	0.00438968	0.535258	0	 1.0e9 	 0.01 	 0.0 	 0.0 	 0.0 	 0.0 	 0.0	 0.0   	 0.0  	 0.0 	 0.0 	 0.0 	 0.0 	 0.0 	 0.0 	 0.0 
0.049694	0.0867772	 0.0 	-7.9862e-13	-2.03967e-12	 0.0 	0.0054139	0.814176	0	 1.0e9 	 0.01 	 0.0 	 0.0 	 0.0 	 0.0 	 0.0	 0.0   	 0.0  	 0.0 	 0.0 	 0.0 	 0.0 	 0.0 	 0.0 	 0.0 
0.0553492	0.0950899	 0.0 	7.49438e-13	1.50011e-13	 0.0 	0.00473942	0.623947	0	 1.0e9 	 0.01 	 0.0 	 0.0 	 0.0 	 0.0 	 0.0	 0.0   	 0.0  	 0.0 	 0.0 	 0.0 	 0.0 	 0.0 	 0.0 	 0.0 
0.0598284	0.102877	 0.0 	-1.45536e-12	2.23641e-12	 0.0 	0.00428112	0.509112	0	 1.0e9 	 0.01 	 0.0 	 0.0 	 0.0 	 0.0 	 0.0	 0.0   	 0.0  	 0.0 	 0.0 	 0.0 	 0.0 	 0.0 	 0.0 	 0.0 
0.0651596	0.112246	 0.0 	6.32987e-12	6.5838e-12	 0.0 	0.00470068	0.613788	0	 1.0e9 	 0.01 	 0.0 	 0.0 	 0.0 	 0.0 	 0.0	 0.0   	 0.0  	 0.0 	 0.0 	 0.0 	 0.0 	 0.0 	 0.0 	 0.0 
0.0463631	0.113443	 0.0 	2.84544e-12	6.68859e-12	 0.0 	0.00528271	0.775196	0	 1.0e9 	 0.01 	 0.0 	 0.0 	 0.0 	 0.0 	 0.0	 0.0   	 0.0  	 0.0 	 0.0 	 0.0 	 0.0 	 0.0 	 0.0 	 0.0 
0.0691617	0.122005	 0.0 	-4.7663e-12	6.35072e-12	 0.0 	0.00589997	0.966936	0	 1.0e9 	 0.01 	 0.0 	 0.0 	 0.0 	 0.0 	 0.0	 0.0   	 0.0  	 0.0 	 0.0 	 0.0 	 0.0 	 0.0 	 0.0 	 0.0 
0.0580101	0.120651	 0.0 	6.32795e-13	6.55891e-12	 0.0 	0.0053496	0.79495	0	 1.0e9 	 0.01 	 0.0 	 0.0 	 0.0 	 0.0 	 0.0	 0.0   	 0.0  	 0.0 	 0.0 	 0.0 	 0.0 	 0.0 	 0.0 	 0.0 
